vorfall,id,wochentag,dauer,kategorie,jahr,monat,datum,linie,vorfall_text,stoerungsart,meldung,start,ende,linienbezeichnung
Sonstige_Stoerungen,1,Samstag,1622,high,2015,9,19.09.15,11,Sonstige Stoerungen,Geplante Stoerung,19.09. bis 27.09.2015: Von Wabern bei Haltestelle der Linie 11 aussteigen nach Wabern auf dem Perron C unter dem Baldachin einsteigen.,19.09.15 00:01,13.01.16 17:03,Holligen - Neufeld P+R
Verkehrsueberlastung,2,Montag,13,verylow,2015,12,07.12.15,10,Verkehrsueberlastung,Geplante Stoerung,07.12.2015 08:02 Uhr: Auf der Linie 10 ist infolge Verkehrueberlastung mit Verspaetungen und unregelmaessigem Betrieb zu rechnen. Dauer: unbestimmt.,07.12.15 08:03,07.12.15 08:16,Köniz Schliern - Ostermundigen Rüti
Verkehrsueberlastung,3,Montag,97,low,2015,12,07.12.15,10,Verkehrsueberlastung,Geplante Stoerung,07.12.2015 17:27 Uhr: Auf der Linie 10 ist infolge Verkehrueberlastung mit Verspaetungen und unregelmaessigem Betrieb zu rechnen. Dauer: unbestimmt.,07.12.15 17:27,07.12.15 19:04,Köniz Schliern - Ostermundigen Rüti
Fahrzeugpanne,4,Montag,66,low,2014,12,22.12.14,160,Fahrzeugpanne,Geplante Stoerung,22.12.2014 06:37 Uhr: Auf der Linie 160 ist wegen einer Fahrzeugpanne mit Kursausfaellen zu rechnen. Dauer: ca. 1h.,22.12.14 06:37,22.12.14 07:43,Konolfingen - Belp
Fahrzeugpanne,5,Montag,12,verylow,2014,12,22.12.14,19,Fahrzeugpanne,Geplante Stoerung,22.12.2014 07:48 Uhr: Auf der Linie 19 ist wegen einer Fahrzeugpanne mit Kursausfaellen zu rechnen. Dauer: ca. 45 Min.,22.12.14 07:48,22.12.14 08:00,Blinzern - Elfenau
Verkehrsueberlastung,6,Montag,38,low,2014,12,22.12.14,11,Verkehrsueberlastung,Stoerung,Auf der Linie 11 ist wegen Verkehrueberlastung mit Verspaetungen und unregelmaessigem Betrieb zu rechnen.,22.12.14 16:01,22.12.14 16:38,Holligen - Neufeld P+R
Verkehrsueberlastung,7,Montag,38,low,2014,12,22.12.14,11,Verkehrsueberlastung,Stoerung,Auf der Linie 11 ist wegen Verkehrueberlastung mit Verspaetungen und unregelmaessigem Betrieb zu rechnen.,22.12.14 16:01,22.12.14 16:38,Holligen - Neufeld P+R
Fahrzeugpanne,8,Montag,38,low,2014,12,22.12.14,7,Fahrzeugpanne,Stoerung,Auf der Linie 7 ist wegen einer Fahrzeugpanne mit Verspaetungen und unregelmaessigem Betrieb zu rechnen.,22.12.14 17:41,22.12.14 18:19,Bümpliz - Ostring
Fahrzeugpanne,9,Mittwoch,15,verylow,2014,12,24.12.14,160,Fahrzeugpanne,Geplante Stoerung,24.12.2014 15:16 Uhr: Auf der Linie 160 ist wegen einer Fahrzeugpanne die Strecke zwischen Belp Bahnhof und Bern Flughafen nicht bedient. Dauer: unbestimmt.,24.12.14 15:17,24.12.14 15:31,Konolfingen - Belp
Fahrzeugpanne,10,Mittwoch,13,verylow,2014,12,24.12.14,160,Fahrzeugpanne,Stoerung,Auf der Linie 160 faellt wegen einer Fahrzeugpanne der Kurs um 15:34 Uhr ab Bern Flughafen Richtung Belp Bahnhof aus. Die naechste Abfahrt erfolgt um 16:04 Uhr.  ,24.12.14 15:30,24.12.14 15:42,Konolfingen - Belp
Schneefall_Eis,11,Samstag,25,verylow,2014,12,27.12.14,12,Schneefall oder Eis,Stoerung,Auf der Linie 12 ist wegen Schneefalls die Strecke zwischen Schosshalde und Zentrum Paul Klee nicht bedient.,27.12.14 06:01,27.12.14 06:25,Längasse - Zentrum Paul Klee
Schneefall_Eis,12,Samstag,25,verylow,2014,12,27.12.14,12,Schneefall oder Eis,Stoerung,Auf der Linie 12 ist wegen Schneefalls die Strecke zwischen Schosshalde und Zentrum Paul Klee nicht bedient.,27.12.14 06:01,27.12.14 06:25,Längasse - Zentrum Paul Klee
Schneefall_Eis,13,Samstag,13,verylow,2014,12,27.12.14,12,Schneefall oder Eis,Stoerung,Auf der Linie 12 ist wegen Schneefalls die Strecke zwischen Bern Bahnhof und Zentrum Paul Klee nicht bedient.,27.12.14 06:25,27.12.14 06:37,Längasse - Zentrum Paul Klee
Schneefall_Eis,14,Samstag,13,verylow,2014,12,27.12.14,12,Schneefall oder Eis,Stoerung,Auf der Linie 12 ist wegen Schneefalls die Strecke zwischen Bern Bahnhof und Zentrum Paul Klee nicht bedient.,27.12.14 06:25,27.12.14 06:37,Längasse - Zentrum Paul Klee
Schneefall_Eis,15,Samstag,67,low,2014,12,27.12.14,12,Schneefall oder Eis,Stoerung,Auf der Linie 12 ist wegen Schneefalls mit unregelmaessigem Betrieb zu rechnen.,27.12.14 06:37,27.12.14 07:43,Längasse - Zentrum Paul Klee
Schneefall_Eis,16,Samstag,67,low,2014,12,27.12.14,12,Schneefall oder Eis,Stoerung,Auf der Linie 12 ist wegen Schneefalls mit unregelmaessigem Betrieb zu rechnen.,27.12.14 06:37,27.12.14 07:43,Längasse - Zentrum Paul Klee
Schneefall_Eis,17,Samstag,67,low,2014,12,27.12.14,12,Schneefall oder Eis,Stoerung,Auf der Linie 12 ist wegen Schneefalls mit unregelmaessigem Betrieb zu rechnen.,27.12.14 06:37,27.12.14 07:43,Längasse - Zentrum Paul Klee
Schneefall_Eis,18,Samstag,67,low,2014,12,27.12.14,12,Schneefall oder Eis,Stoerung,Auf der Linie 12 ist wegen Schneefalls mit unregelmaessigem Betrieb zu rechnen.,27.12.14 06:37,27.12.14 07:43,Längasse - Zentrum Paul Klee
Schneefall_Eis,19,Samstag,81,low,2014,12,27.12.14,11,Schneefall oder Eis,Stoerung,Infolge Schneefalls ist mit unregelmaessigem Betrieb zu rechnen.,27.12.14 08:49,27.12.14 10:09,Holligen - Neufeld P+R
Schneefall_Eis,20,Samstag,81,low,2014,12,27.12.14,17,Schneefall oder Eis,Stoerung,Infolge Schneefalls ist mit unregelmaessigem Betrieb zu rechnen.,27.12.14 08:49,27.12.14 10:09,Bern Bahnhof - Köniz Weiermatt
Schneefall_Eis,21,Samstag,81,low,2014,12,27.12.14,20,Schneefall oder Eis,Stoerung,Infolge Schneefalls ist mit unregelmaessigem Betrieb zu rechnen.,27.12.14 08:49,27.12.14 10:09,Bern Bahnhof - Wankdorf Bahnhof
Schneefall_Eis,22,Samstag,81,low,2014,12,27.12.14,11,Schneefall oder Eis,Stoerung,Infolge Schneefalls ist mit unregelmaessigem Betrieb zu rechnen.,27.12.14 08:49,27.12.14 10:09,Holligen - Neufeld P+R
Schneefall_Eis,23,Samstag,81,low,2014,12,27.12.14,20,Schneefall oder Eis,Stoerung,Infolge Schneefalls ist mit unregelmaessigem Betrieb zu rechnen.,27.12.14 08:49,27.12.14 10:09,Bern Bahnhof - Wankdorf Bahnhof
Schneefall_Eis,24,Samstag,81,low,2014,12,27.12.14,10,Schneefall oder Eis,Stoerung,Infolge Schneefalls ist mit unregelmaessigem Betrieb zu rechnen.,27.12.14 08:49,27.12.14 10:09,Köniz Schliern - Ostermundigen Rüti
Schneefall_Eis,25,Samstag,81,low,2014,12,27.12.14,12,Schneefall oder Eis,Stoerung,Infolge Schneefalls ist mit unregelmaessigem Betrieb zu rechnen.,27.12.14 08:49,27.12.14 10:09,Längasse - Zentrum Paul Klee
Schneefall_Eis,26,Samstag,81,low,2014,12,27.12.14,19,Schneefall oder Eis,Stoerung,Infolge Schneefalls ist mit unregelmaessigem Betrieb zu rechnen.,27.12.14 08:49,27.12.14 10:09,Blinzern - Elfenau
Schneefall_Eis,27,Samstag,81,low,2014,12,27.12.14,12,Schneefall oder Eis,Stoerung,Infolge Schneefalls ist mit unregelmaessigem Betrieb zu rechnen.,27.12.14 08:49,27.12.14 10:09,Längasse - Zentrum Paul Klee
Verkehrsunfall,28,Samstag,28,verylow,2014,12,27.12.14,17,Verkehrsunfall,Stoerung,Auf der Linie 17 ist wegen eines Verkehrsunfalls auf der Strecke zwischen Saegestrasse und Koeniz Weiermatt mit Kursausfaellen zu rechnen. Dauer: bis 27.12.2014 ca. 10:09 Uhr.,27.12.14 09:10,27.12.14 09:37,Bern Bahnhof - Köniz Weiermatt
Schneefall_Eis,29,Samstag,26,verylow,2014,12,27.12.14,12,Schneefall oder Eis,Stoerung,Auf der Linie 12 ist wegen Schneefalls auf der Strecke zwischen Bern Bahnhof und Zentrum Paul Klee mit Kursausfaellen zu rechnen. Dauer: bis 27.12.2014 ca. 10:43 Uhr.,27.12.14 09:43,27.12.14 10:08,Längasse - Zentrum Paul Klee
Schneefall_Eis,30,Samstag,26,verylow,2014,12,27.12.14,12,Schneefall oder Eis,Stoerung,Auf der Linie 12 ist wegen Schneefalls auf der Strecke zwischen Bern Bahnhof und Zentrum Paul Klee mit Kursausfaellen zu rechnen. Dauer: bis 27.12.2014 ca. 10:43 Uhr.,27.12.14 09:43,27.12.14 10:08,Längasse - Zentrum Paul Klee
Schneefall_Eis,31,Samstag,123,medium,2014,12,27.12.14,10,Schneefall oder Eis,Stoerung,Auf den Linien 10 12 und 19 ist wegen Schneefalls mit unregelmaessigem Betrieb zu rechnen. Dauer: bis 27.12.2014 ca. 11:45 Uhr.,27.12.14 08:49,27.12.14 10:51,Köniz Schliern - Ostermundigen Rüti
Schneefall_Eis,32,Samstag,123,medium,2014,12,27.12.14,12,Schneefall oder Eis,Stoerung,Auf den Linien 10 12 und 19 ist wegen Schneefalls mit unregelmaessigem Betrieb zu rechnen. Dauer: bis 27.12.2014 ca. 11:45 Uhr.,27.12.14 08:49,27.12.14 10:51,Längasse - Zentrum Paul Klee
Schneefall_Eis,33,Samstag,123,medium,2014,12,27.12.14,19,Schneefall oder Eis,Stoerung,Auf den Linien 10 12 und 19 ist wegen Schneefalls mit unregelmaessigem Betrieb zu rechnen. Dauer: bis 27.12.2014 ca. 11:45 Uhr.,27.12.14 08:49,27.12.14 10:51,Blinzern - Elfenau
Schneefall_Eis,34,Samstag,123,medium,2014,12,27.12.14,12,Schneefall oder Eis,Stoerung,Auf den Linien 10 12 und 19 ist wegen Schneefalls mit unregelmaessigem Betrieb zu rechnen. Dauer: bis 27.12.2014 ca. 11:45 Uhr.,27.12.14 08:49,27.12.14 10:51,Längasse - Zentrum Paul Klee
Schneefall_Eis,35,Sonntag,76,low,2014,12,28.12.14,20,Schneefall oder Eis,Geplante Stoerung,28.12.2014 16:22 Uhr: Auf der Linie 20 ist wegen Schneefalls mit Verspaetungen und unregelmaessigem Betrieb zu rechnen. Dauer: unbestimmt.,28.12.14 16:22,28.12.14 17:37,Bern Bahnhof - Wankdorf Bahnhof
Schneefall_Eis,36,Sonntag,76,low,2014,12,28.12.14,20,Schneefall oder Eis,Geplante Stoerung,28.12.2014 16:22 Uhr: Auf der Linie 20 ist wegen Schneefalls mit Verspaetungen und unregelmaessigem Betrieb zu rechnen. Dauer: unbestimmt.,28.12.14 16:22,28.12.14 17:37,Bern Bahnhof - Wankdorf Bahnhof
Fahrzeugpanne,37,Montag,66,low,2014,12,29.12.14,160,Fahrzeugpanne,Stoerung,Auf der Linie 160 faellt wegen einer Fahrzeugpanne der Kurs um 06:27 Uhr ab Konolfingen Dorf Richtung Muensingen Bahnhof aus. Die naechste Abfahrt erfolgt um 06:59 Uhr.  ,29.12.14 06:23,29.12.14 07:28,Konolfingen - Belp
Schneefall_Eis,38,Montag,97,low,2014,12,29.12.14,10,Schneefall oder Eis,Stoerung,Auf den Linien 10 19 und 20 ist wegen Schneefalls mit Verspaetungen zu rechnen. Dauer: bis 29.12.2014 ca. 18:00 Uhr.,29.12.14 15:45,29.12.14 17:21,Köniz Schliern - Ostermundigen Rüti
Schneefall_Eis,39,Montag,97,low,2014,12,29.12.14,19,Schneefall oder Eis,Stoerung,Auf den Linien 10 19 und 20 ist wegen Schneefalls mit Verspaetungen zu rechnen. Dauer: bis 29.12.2014 ca. 18:00 Uhr.,29.12.14 15:45,29.12.14 17:21,Blinzern - Elfenau
Schneefall_Eis,40,Montag,97,low,2014,12,29.12.14,20,Schneefall oder Eis,Stoerung,Auf den Linien 10 19 und 20 ist wegen Schneefalls mit Verspaetungen zu rechnen. Dauer: bis 29.12.2014 ca. 18:00 Uhr.,29.12.14 15:45,29.12.14 17:21,Bern Bahnhof - Wankdorf Bahnhof
Schneefall_Eis,41,Montag,97,low,2014,12,29.12.14,20,Schneefall oder Eis,Stoerung,Auf den Linien 10 19 und 20 ist wegen Schneefalls mit Verspaetungen zu rechnen. Dauer: bis 29.12.2014 ca. 18:00 Uhr.,29.12.14 15:45,29.12.14 17:21,Bern Bahnhof - Wankdorf Bahnhof
Betriebsstoerung,42,Montag,32,low,2014,12,29.12.14,160,Betriebsstoerung,Stoerung,Auf der Linie 160 faellt wegen einer Betriebsstoerung der Kurs um 16:39 Uhr ab Konolfingen Bahnhof Richtung Muensingen Bahnhof aus. Die naechste Abfahrt erfolgt um 17:09 Uhr.  ,29.12.14 16:46,29.12.14 17:18,Konolfingen - Belp
Schneefall_Eis,43,Montag,194,medium,2014,12,29.12.14,20,Schneefall oder Eis,Stoerung,Auf der Linie 20 ist wegen Schneefalls mit Verspaetungen zu rechnen. Dauer: bis 29.12.2014 ca. 19:00 Uhr.,29.12.14 15:45,29.12.14 18:58,Bern Bahnhof - Wankdorf Bahnhof
Schneefall_Eis,44,Montag,194,medium,2014,12,29.12.14,20,Schneefall oder Eis,Stoerung,Auf der Linie 20 ist wegen Schneefalls mit Verspaetungen zu rechnen. Dauer: bis 29.12.2014 ca. 19:00 Uhr.,29.12.14 15:45,29.12.14 18:58,Bern Bahnhof - Wankdorf Bahnhof
Fahrzeugpanne,45,Dienstag,15,verylow,2014,12,30.12.14,160,Fahrzeugpanne,Stoerung,Auf der Linie 160 faellt wegen einer Fahrzeugpanne der Kurs um 18:02 Uhr ab Rubigen Bahnhof Richtung Bern Flughafen aus.,30.12.14 18:06,30.12.14 18:20,Konolfingen - Belp
Schneefall_Eis,46,Dienstag,22,verylow,2014,12,30.12.14,20,Schneefall oder Eis,Geplante Stoerung,30.12.2014 18:00 Uhr: Auf der Linie 20 ist wegen Schneefalls mit Verspaetungen zu rechnen. Dauer: ca. 1h.,30.12.14 18:18,30.12.14 18:40,Bern Bahnhof - Wankdorf Bahnhof
Schneefall_Eis,47,Dienstag,22,verylow,2014,12,30.12.14,20,Schneefall oder Eis,Geplante Stoerung,30.12.2014 18:00 Uhr: Auf der Linie 20 ist wegen Schneefalls mit Verspaetungen zu rechnen. Dauer: ca. 1h.,30.12.14 18:18,30.12.14 18:40,Bern Bahnhof - Wankdorf Bahnhof
Schneefall_Eis,48,Freitag,20,verylow,2015,1,02.01.15,19,Schneefall oder Eis,Geplante Stoerung,02.01.2015 18:30 Uhr: Auf der Linie 19 ist wegen Glatteis auf der Strecke zwischen Spiegel und Gurten-Gartenstadt mit Kursausfaellen zu rechnen. Dauer: unbestimmt.,02.01.15 18:31,02.01.15 18:51,Blinzern - Elfenau
Kundgebung_oder_Veranstaltung,49,Samstag,37,low,2015,1,03.01.15,9,Kundgebung oder Veranstaltung,Geplante Stoerung,03.01.2015 18:56 Uhr: Auf der Linie 9 ist wegen einer Veranstaltung mit Verspaetungen und unregelmaessigem Betrieb zu rechnen. Dauer: unbestimmt.,03.01.15 18:57,03.01.15 19:33,Wabern - Wankdorf Bahnhof
Verkehrsueberlastung,50,Dienstag,79,low,2015,1,06.01.15,6,Verkehrsueberlastung,Geplante Stoerung,06.01.2015 07:39 Uhr: Auf den Linien 6 und 8 ist wegen Verkehrueberlastung mit Verspaetungen zu rechnen. Dauer: ca. 2h.,06.01.15 07:39,06.01.15 08:58,Fischermätteli - Worb Dorf
Verkehrsueberlastung,51,Dienstag,79,low,2015,1,06.01.15,8,Verkehrsueberlastung,Geplante Stoerung,06.01.2015 07:39 Uhr: Auf den Linien 6 und 8 ist wegen Verkehrueberlastung mit Verspaetungen zu rechnen. Dauer: ca. 2h.,06.01.15 07:39,06.01.15 08:58,Brünnen Westside Bahnhof - Saali
Verkehrsueberlastung,52,Dienstag,90,low,2015,1,06.01.15,8,Verkehrsueberlastung,Geplante Stoerung,06.01.2015 07:39 Uhr: Auf der Linie 8 ist wegen Verkehrueberlastung mit Verspaetungen zu rechnen. Dauer: ca. 2h.,06.01.15 07:39,06.01.15 09:08,Brünnen Westside Bahnhof - Saali
Kundgebung_oder_Veranstaltung,53,Mittwoch,302,medium,2015,1,14.01.15,10,Kundgebung oder Veranstaltung,Stoerung,Die Linien 10 und 19 werden infolge einer Veranstaltung stadtauswaerts durch die Spital-/Marktgasse umgeleitet.,14.01.15 12:58,14.01.15 18:00,Köniz Schliern - Ostermundigen Rüti
Kundgebung_oder_Veranstaltung,54,Mittwoch,302,medium,2015,1,14.01.15,19,Kundgebung oder Veranstaltung,Stoerung,Die Linien 10 und 19 werden infolge einer Veranstaltung stadtauswaerts durch die Spital-/Marktgasse umgeleitet.,14.01.15 12:58,14.01.15 18:00,Blinzern - Elfenau
Fahrzeugpanne,55,Samstag,40,low,2015,1,10.01.15,9,Fahrzeugpanne,Geplante Stoerung,10.01.2015 10:52 Uhr: Auf der Linie 9 ist wegen einer Fahrzeugpanne mit Verspaetungen und unregelmaessigem Betrieb zu rechnen. Dauer: ca. 30 Min.,10.01.15 10:53,10.01.15 11:33,Wabern - Wankdorf Bahnhof
Fahrzeugpanne,56,Samstag,54,low,2015,1,10.01.15,7,Fahrzeugpanne,Geplante Stoerung,10.01.2015 12:04 Uhr: Auf der Linie 7 ist wegen einer Fahrzeugpanne mit Verspaetungen und unregelmaessigem Betrieb zu rechnen. Dauer: ca. 45 Min.,10.01.15 12:04,10.01.15 12:57,Bümpliz - Ostring
Fahrzeugpanne,57,Dienstag,51,low,2015,1,13.01.15,6,Fahrzeugpanne,Stoerung,Auf den Linien 6 7 und 8 ist wegen einer Fahrzeugpanne mit unregelmaessigem Betrieb zu rechnen.,13.01.15 17:17,13.01.15 18:07,Fischermätteli - Worb Dorf
Fahrzeugpanne,58,Dienstag,51,low,2015,1,13.01.15,7,Fahrzeugpanne,Stoerung,Auf den Linien 6 7 und 8 ist wegen einer Fahrzeugpanne mit unregelmaessigem Betrieb zu rechnen.,13.01.15 17:17,13.01.15 18:07,Bümpliz - Ostring
Fahrzeugpanne,59,Dienstag,51,low,2015,1,13.01.15,8,Fahrzeugpanne,Stoerung,Auf den Linien 6 7 und 8 ist wegen einer Fahrzeugpanne mit unregelmaessigem Betrieb zu rechnen.,13.01.15 17:17,13.01.15 18:07,Brünnen Westside Bahnhof - Saali
Polizei_Feuerwehr_Sanitaet,60,Mittwoch,10,verylow,2015,1,14.01.15,10,Polizei und Rettung,Geplante Stoerung,14.01.2015 22:46 Uhr: Auf der Linie 10 ist wegen eines Feuerwehreinsatzes die Strecke zwischen Wegmuehlegaessli und Oberfeld nicht bedient. Dauer: unbestimmt.,14.01.15 22:47,14.01.15 22:56,Köniz Schliern - Ostermundigen Rüti
Verkehrsunfall,61,Donnerstag,14,verylow,2015,1,15.01.15,19,Verkehrsunfall,Stoerung,Die Unfallstelle am Thunplatz ist geraeumt es kann jedoch noch zu Verspaetungen auf der Linie 19 und 28 kommen,15.01.15 12:42,15.01.15 12:56,Blinzern - Elfenau
Verkehrsunfall,62,Donnerstag,21,verylow,2015,1,15.01.15,19,Verkehrsunfall,Stoerung,Die Unfallstelle am Thunplatz ist geraeumt es kann jedoch noch zu Verspaetungen auf der Linie 19 und 28 kommen,15.01.15 12:36,15.01.15 12:56,Blinzern - Elfenau
Fahrzeugpanne,63,Donnerstag,74,low,2015,1,15.01.15,20,Fahrzeugpanne,Geplante Stoerung,15.01.2015 17:33 Uhr: Auf der Linie 20 ist wegen einer Fahrzeugpanne mit unregelmaessigem Betrieb zu rechnen. Dauer: unbestimmt.,15.01.15 17:33,15.01.15 18:46,Bern Bahnhof - Wankdorf Bahnhof
Fahrzeugpanne,64,Donnerstag,74,low,2015,1,15.01.15,20,Fahrzeugpanne,Geplante Stoerung,15.01.2015 17:33 Uhr: Auf der Linie 20 ist wegen einer Fahrzeugpanne mit unregelmaessigem Betrieb zu rechnen. Dauer: unbestimmt.,15.01.15 17:33,15.01.15 18:46,Bern Bahnhof - Wankdorf Bahnhof
Fahrzeugpanne,65,Dienstag,55,low,2015,1,20.01.15,7,Fahrzeugpanne,Geplante Stoerung,20.01.2015 21:30 Uhr: Auf den Linien 7 und 8 ist infolge einer Fahrzeugpanne auf der Strecke zwischen Bern Bahnhof und Buempliz Unterfuehrung mit Verspaetungen und Kursausfaellen zu rechnen. Dauer: unbestimmt.,20.01.15 21:31,20.01.15 22:26,Bümpliz - Ostring
Fahrzeugpanne,66,Dienstag,55,low,2015,1,20.01.15,8,Fahrzeugpanne,Geplante Stoerung,20.01.2015 21:30 Uhr: Auf den Linien 7 und 8 ist infolge einer Fahrzeugpanne auf der Strecke zwischen Bern Bahnhof und Buempliz Unterfuehrung mit Verspaetungen und Kursausfaellen zu rechnen. Dauer: unbestimmt.,20.01.15 21:31,20.01.15 22:26,Brünnen Westside Bahnhof - Saali
Fahrzeugpanne,67,Mittwoch,8,verylow,2015,1,21.01.15,11,Fahrzeugpanne,Stoerung,Auf der Linie 11 faellt infolge einer Fahrzeugpanne der Kurs um 12:22 Uhr ab Gueterbahnhof Richtung Bern Bahnhof aus. Die naechste Abfahrt erfolgt um 12:25 Uhr.  ,21.01.15 12:21,21.01.15 12:29,Holligen - Neufeld P+R
Fahrzeugpanne,68,Mittwoch,8,verylow,2015,1,21.01.15,11,Fahrzeugpanne,Stoerung,Auf der Linie 11 faellt infolge einer Fahrzeugpanne der Kurs um 12:22 Uhr ab Gueterbahnhof Richtung Bern Bahnhof aus. Die naechste Abfahrt erfolgt um 12:25 Uhr.  ,21.01.15 12:21,21.01.15 12:29,Holligen - Neufeld P+R
Verkehrsueberlastung,69,Mittwoch,82,low,2015,1,21.01.15,20,Verkehrsueberlastung,Stoerung,Auf der Linie 20 ist infolge Verkehrueberlastung mit unregelmaessigem Betrieb zu rechnen.,21.01.15 17:19,21.01.15 18:40,Bern Bahnhof - Wankdorf Bahnhof
Verkehrsueberlastung,70,Mittwoch,82,low,2015,1,21.01.15,20,Verkehrsueberlastung,Stoerung,Auf der Linie 20 ist infolge Verkehrueberlastung mit unregelmaessigem Betrieb zu rechnen.,21.01.15 17:19,21.01.15 18:40,Bern Bahnhof - Wankdorf Bahnhof
Fahrzeugpanne,71,Freitag,25,verylow,2015,1,23.01.15,7,Fahrzeugpanne,Stoerung,Auf der Linie 7 faellt infolge einer Fahrzeugpanne der Kurs um 06:13 Uhr ab Ostring Richtung Bern Bahnhof aus. Die naechste Abfahrt erfolgt um 06:18 Uhr.  ,23.01.15 06:02,23.01.15 06:26,Bümpliz - Ostring
Fahrzeugpanne,72,Samstag,52,low,2015,1,24.01.15,9,Fahrzeugpanne,Stoerung,Auf der Linie 9 kann infolge einer Fahrzeugpanne die Strecke Bahnhof Wabern nicht bedient werden. Es wird ein Ersatzbetrieb mit Bussen aufgezogen.,24.01.15 08:54,24.01.15 09:46,Wabern - Wankdorf Bahnhof
Fahrzeugpanne,73,Samstag,55,low,2015,1,24.01.15,9,Fahrzeugpanne,Geplante Stoerung,24.01.2015 09:46 Uhr: Auf der Linie 9 ist infolge einer Fahrzeugpanne mit unregelmaessigem Betrieb zu rechnen. Dauer: unbestimmt.,24.01.15 09:47,24.01.15 10:42,Wabern - Wankdorf Bahnhof
Verkehrsueberlastung,74,Montag,246,medium,2015,1,26.01.15,10,Verkehrsueberlastung,Stoerung,Auf der Linie 10 ist infolge Verkehrueberlastung mit unregelmaessigem Betrieb zu rechnen. Dauer: bis 26.01.2015 ca. 19:00 Uhr.,26.01.15 17:27,26.01.15 21:32,Köniz Schliern - Ostermundigen Rüti
Schneefall_Eis,75,Montag,60,low,2015,1,26.01.15,11,Schneefall oder Eis,Stoerung,Auf der Linie 11 ist infolge Glatteis mit Verspaetungen und Kursausfaellen zu rechnen. Dauer: bis 26.01.2015 ca. 19:18 Uhr.,26.01.15 18:18,26.01.15 19:18,Holligen - Neufeld P+R
Schneefall_Eis,76,Montag,60,low,2015,1,26.01.15,11,Schneefall oder Eis,Stoerung,Auf der Linie 11 ist infolge Glatteis mit Verspaetungen und Kursausfaellen zu rechnen. Dauer: bis 26.01.2015 ca. 19:18 Uhr.,26.01.15 18:18,26.01.15 19:18,Holligen - Neufeld P+R
Schneefall_Eis,77,Montag,93,low,2015,1,26.01.15,12,Schneefall oder Eis,Stoerung,Auf der Linie 12 ist infolge Schneefalls mit unregelmaessigem Betrieb zu rechnen.,26.01.15 21:30,26.01.15 23:03,Längasse - Zentrum Paul Klee
Schneefall_Eis,78,Montag,93,low,2015,1,26.01.15,12,Schneefall oder Eis,Stoerung,Auf der Linie 12 ist infolge Schneefalls mit unregelmaessigem Betrieb zu rechnen.,26.01.15 21:30,26.01.15 23:03,Längasse - Zentrum Paul Klee
Fahrzeugpanne,79,Dienstag,20,verylow,2015,1,27.01.15,6,Fahrzeugpanne,Stoerung,Auf den Linien 6 7 und 8 ist infolge einer Fahrzeugpanne mit unregelmaessigem Betrieb zu rechnen.,27.01.15 18:36,27.01.15 18:56,Fischermätteli - Worb Dorf
Fahrzeugpanne,80,Dienstag,20,verylow,2015,1,27.01.15,7,Fahrzeugpanne,Stoerung,Auf den Linien 6 7 und 8 ist infolge einer Fahrzeugpanne mit unregelmaessigem Betrieb zu rechnen.,27.01.15 18:36,27.01.15 18:56,Bümpliz - Ostring
Fahrzeugpanne,81,Dienstag,20,verylow,2015,1,27.01.15,8,Fahrzeugpanne,Stoerung,Auf den Linien 6 7 und 8 ist infolge einer Fahrzeugpanne mit unregelmaessigem Betrieb zu rechnen.,27.01.15 18:36,27.01.15 18:56,Brünnen Westside Bahnhof - Saali
Fahrzeugpanne,82,Mittwoch,49,low,2015,1,28.01.15,6,Fahrzeugpanne,Stoerung,Auf der Linie 6 ist infolge einer Fahrzeugpanne mit unregelmaessigem Betrieb zu rechnen.,28.01.15 07:53,28.01.15 08:42,Fischermätteli - Worb Dorf
Verkehrsueberlastung,83,Mittwoch,20,verylow,2015,1,28.01.15,160,Verkehrsueberlastung,Stoerung,Auf der Linie 160 ist infolge Verkehrueberlastung der Kurs um 17:35 Uhr ab Muensingen Bahnhof Richtung Konolfingen Dorf um ca. 10 Min verspaetet.,28.01.15 17:47,28.01.15 18:07,Konolfingen - Belp
Fahrzeugpanne,84,Mittwoch,18,verylow,2015,1,28.01.15,160,Fahrzeugpanne,Stoerung,Auf der Linie 160 ist infolge einer Fahrzeugpanne der Kurs um 18:24 Uhr ab Muensingen Bahnhof Richtung Bern Flughafen um ca. 10 Min verspaetet.,28.01.15 18:42,28.01.15 19:00,Konolfingen - Belp
Fahrzeugpanne,85,Mittwoch,18,verylow,2015,1,28.01.15,19,Fahrzeugpanne,Stoerung,Auf der Linie 19 faellt infolge einer Fahrzeugpanne der Kurs um 21:39 Uhr ab Elfenau Richtung Blinzern aus. Die naechste Abfahrt erfolgt um 21:54 Uhr.  ,28.01.15 21:37,28.01.15 21:54,Blinzern - Elfenau
Verspaetungen_Allgemein,86,Donnerstag,44,low,2015,1,29.01.15,8,Verspaetungen Allgemein,Stoerung,Die Linie 8 ist wieder durchgehend befahrbar es kommt jedoch weiterhin zu Verspaetungen.,29.01.15 06:31,29.01.15 07:15,Brünnen Westside Bahnhof - Saali
Fahrzeugpanne,87,Donnerstag,51,low,2015,1,29.01.15,7,Fahrzeugpanne,Stoerung,Auf der Linie 7 ist infolge einer Fahrzeugpanne mit unregelmaessigem Betrieb zu rechnen. Dauer: bis 29.01.2015 ca. 07:35 Uhr.,29.01.15 06:44,29.01.15 07:35,Bümpliz - Ostring
Verspaetungen_Allgemein,88,Donnerstag,130,medium,2015,1,29.01.15,7,Verspaetungen Allgemein,Stoerung,Die Linien 7 und 8 sind wieder durchgehend befahrbar es kommt jedoch weiterhin zu Verspaetungen.,29.01.15 06:57,29.01.15 09:06,Bümpliz - Ostring
Verspaetungen_Allgemein,89,Donnerstag,130,medium,2015,1,29.01.15,8,Verspaetungen Allgemein,Stoerung,Die Linien 7 und 8 sind wieder durchgehend befahrbar es kommt jedoch weiterhin zu Verspaetungen.,29.01.15 06:57,29.01.15 09:06,Brünnen Westside Bahnhof - Saali
Verspaetungen_Allgemein,90,Donnerstag,59,low,2015,1,29.01.15,7,Verspaetungen Allgemein,Stoerung,Die Linie 7 ist wieder durchgehend befahrbar es kommt jedoch weiterhin zu Verspaetungen.,29.01.15 06:40,29.01.15 07:39,Bümpliz - Ostring
Verspaetungen_Allgemein,91,Donnerstag,84,low,2015,1,29.01.15,7,Verspaetungen Allgemein,Stoerung,Auf der Linie 7 kommt es weiterhin zu Verspaetungen.,29.01.15 07:43,29.01.15 09:07,Bümpliz - Ostring
Fahrzeugpanne,92,Freitag,52,low,2015,1,30.01.15,3,Fahrzeugpanne,Stoerung,Auf den Linien 3 6 8 und 9 ist infolge einer Fahrzeugpanne mit unregelmaessigem Betrieb zu rechnen.,30.01.15 06:30,30.01.15 07:21,Bern Bahnhof - Weissenbühl
Fahrzeugpanne,93,Freitag,52,low,2015,1,30.01.15,8,Fahrzeugpanne,Stoerung,Auf den Linien 3 6 8 und 9 ist infolge einer Fahrzeugpanne mit unregelmaessigem Betrieb zu rechnen.,30.01.15 06:30,30.01.15 07:21,Brünnen Westside Bahnhof - Saali
Fahrzeugpanne,94,Freitag,52,low,2015,1,30.01.15,9,Fahrzeugpanne,Stoerung,Auf den Linien 3 6 8 und 9 ist infolge einer Fahrzeugpanne mit unregelmaessigem Betrieb zu rechnen.,30.01.15 06:30,30.01.15 07:21,Wabern - Wankdorf Bahnhof
Fahrzeugpanne,95,Freitag,52,low,2015,1,30.01.15,6,Fahrzeugpanne,Stoerung,Auf den Linien 3 6 8 und 9 ist infolge einer Fahrzeugpanne mit unregelmaessigem Betrieb zu rechnen.,30.01.15 06:30,30.01.15 07:21,Fischermätteli - Worb Dorf
Fahrzeugpanne,96,Freitag,110,low,2015,1,30.01.15,6,Fahrzeugpanne,Stoerung,Auf der Linie 6 ist infolge einer Fahrzeugpanne mit unregelmaessigem Betrieb zu rechnen. Fahrgaeste Richtung Fischermaetteli: alternativ koennen Sie die Linie 17 benutzen.,30.01.15 06:30,30.01.15 08:19,Fischermätteli - Worb Dorf
Fahrzeugpanne,97,Freitag,41,low,2015,1,30.01.15,6,Fahrzeugpanne,Stoerung,Auf der Linie 6 ist infolge einer Fahrzeugpanne mit unregelmaessigem Betrieb zu rechnen. Fahrgaeste Richtung Fischermaetteli: alternativ koennen Sie die Linie 17 benutzen.,30.01.15 07:39,30.01.15 08:19,Fischermätteli - Worb Dorf
Schneefall_Eis,98,Sonntag,18,verylow,2015,2,01.02.15,19,Schneefall oder Eis,Geplante Stoerung,01.02.2015 07:26 Uhr: Auf der Linie 19 ist infolge Glatteis die Strecke zwischen Spiegel und Gurten-Gartenstadt unterbrochen. Dauer: ca. 1h.,01.02.15 07:28,01.02.15 07:45,Blinzern - Elfenau
Betriebsstoerung,99,Mittwoch,53,low,2015,2,04.02.15,12,Betriebsstoerung,Geplante Stoerung,04.02.2015 07:44 Uhr: Auf der Linie 12 ist infolge einer Betriebsstoerung mit Verspaetungen zu rechnen. Dauer: unbestimmt.,04.02.15 07:44,04.02.15 08:36,Längasse - Zentrum Paul Klee
Betriebsstoerung,100,Mittwoch,53,low,2015,2,04.02.15,12,Betriebsstoerung,Geplante Stoerung,04.02.2015 07:44 Uhr: Auf der Linie 12 ist infolge einer Betriebsstoerung mit Verspaetungen zu rechnen. Dauer: unbestimmt.,04.02.15 07:44,04.02.15 08:36,Längasse - Zentrum Paul Klee
Verkehrsueberlastung,101,Donnerstag,49,low,2015,2,05.02.15,6,Verkehrsueberlastung,Stoerung,Auf der Linie 6 ist infolge Verkehrueberlastung mit unregelmaessigem Betrieb zu rechnen.,05.02.15 18:00,05.02.15 18:49,Fischermätteli - Worb Dorf
Verkehrsunfall,102,Donnerstag,16,verylow,2015,2,05.02.15,9,Verkehrsunfall,Geplante Stoerung,05.02.2015 20:24 Uhr: Auf der Linie 9 ist infolge eines Verkehrsunfalls die Strecke zwischen Guisanplatz Expo und Wankdorf Bahnhof unterbrochen. Dauer: ca. 30 Min.,05.02.15 20:25,05.02.15 20:40,Wabern - Wankdorf Bahnhof
Kundgebung_oder_Veranstaltung,103,Sonntag,180,medium,2015,2,22.02.15,12,Kundgebung oder Veranstaltung,Stoerung,Auf der Linie 12 ist infolge einer Veranstaltung die Strecke zwischen Rathaus und Zytglogge via Grabenpromenade umgeleitet. Dauer: Bis ca. 08.00 Uhr,22.02.15 05:00,22.02.15 08:00,Längasse - Zentrum Paul Klee
Kundgebung_oder_Veranstaltung,104,Sonntag,180,medium,2015,2,22.02.15,12,Kundgebung oder Veranstaltung,Stoerung,Auf der Linie 12 ist infolge einer Veranstaltung die Strecke zwischen Rathaus und Zytglogge via Grabenpromenade umgeleitet. Dauer: Bis ca. 08.00 Uhr,22.02.15 05:00,22.02.15 08:00,Längasse - Zentrum Paul Klee
Verspaetungen_Allgemein,105,Montag,53,low,2015,2,09.02.15,6,Verspaetungen Allgemein,Stoerung,Die Linien 6 7 und 8 sind wieder durchgehend befahrbar es kommt jedoch weiterhin zu Verspaetungen und Kursausfaellen.,09.02.15 11:49,09.02.15 12:42,Fischermätteli - Worb Dorf
Verspaetungen_Allgemein,106,Montag,53,low,2015,2,09.02.15,7,Verspaetungen Allgemein,Stoerung,Die Linien 6 7 und 8 sind wieder durchgehend befahrbar es kommt jedoch weiterhin zu Verspaetungen und Kursausfaellen.,09.02.15 11:49,09.02.15 12:42,Bümpliz - Ostring
Verspaetungen_Allgemein,107,Montag,53,low,2015,2,09.02.15,8,Verspaetungen Allgemein,Stoerung,Die Linien 6 7 und 8 sind wieder durchgehend befahrbar es kommt jedoch weiterhin zu Verspaetungen und Kursausfaellen.,09.02.15 11:49,09.02.15 12:42,Brünnen Westside Bahnhof - Saali
Verspaetungen_Allgemein,108,Montag,53,low,2015,2,09.02.15,8,Verspaetungen Allgemein,Stoerung,Die Linien 6 7 und 8 sind wieder durchgehend befahrbar es kommt jedoch weiterhin zu Verspaetungen und Kursausfaellen.,09.02.15 11:49,09.02.15 12:42,Brünnen Westside Bahnhof - Saali
Kundgebung_oder_Veranstaltung,109,Samstag,455,medium,2015,2,14.02.15,9,Kundgebung oder Veranstaltung,Stoerung,Die Linie 9 faehrt ab 18:00 Uhr infolge einer Veranstaltung bis/ab Guisanplatz. Die Strecke Guisanplatz - Wankdorfbahnhof wird bis 23:37 Uhr nicht bedient.,14.02.15 16:00,14.02.15 23:35,Wabern - Wankdorf Bahnhof
Kundgebung_oder_Veranstaltung,110,Samstag,455,medium,2015,2,14.02.15,9,Kundgebung oder Veranstaltung,Stoerung,Die Linie 9 faehrt ab 18:00 Uhr infolge einer Veranstaltung bis/ab Guisanplatz. Die Strecke Guisanplatz - Wankdorfbahnhof wird bis 23:37 Uhr nicht bedient.,14.02.15 16:00,14.02.15 23:35,Wabern - Wankdorf Bahnhof
Kundgebung_oder_Veranstaltung,111,Samstag,455,medium,2015,2,14.02.15,20,Kundgebung oder Veranstaltung,Stoerung,Die Linie 20 faehrt ab 18:00 Uhr infolge einer Veranstaltung bis/ab Wyler. Die Strecke Wyler - Wankdorfbahnhof wird bis 23:37 Uhr nicht bedient.,14.02.15 16:00,14.02.15 23:35,Bern Bahnhof - Wankdorf Bahnhof
Kundgebung_oder_Veranstaltung,112,Samstag,455,medium,2015,2,14.02.15,20,Kundgebung oder Veranstaltung,Stoerung,Die Linie 20 faehrt ab 18:00 Uhr infolge einer Veranstaltung bis/ab Wyler. Die Strecke Wyler - Wankdorfbahnhof wird bis 23:37 Uhr nicht bedient.,14.02.15 16:00,14.02.15 23:35,Bern Bahnhof - Wankdorf Bahnhof
Kundgebung_oder_Veranstaltung,113,Donnerstag,254,medium,2015,2,19.02.15,9,Kundgebung oder Veranstaltung,Stoerung,Die Linie 9 faehrt ab 17:10 Uhr infolge einer Veranstaltung bis/ab Guisanplatz. Die Strecke Guisanplatz-Wankdorf wird bis 22:00 Uhr nicht bedient.,19.02.15 15:10,19.02.15 19:24,Wabern - Wankdorf Bahnhof
Kundgebung_oder_Veranstaltung,114,Donnerstag,254,medium,2015,2,19.02.15,9,Kundgebung oder Veranstaltung,Stoerung,Die Linie 9 faehrt ab 17:10 Uhr infolge einer Veranstaltung bis/ab Guisanplatz. Die Strecke Guisanplatz-Wankdorf wird bis 22:00 Uhr nicht bedient.,19.02.15 15:10,19.02.15 19:24,Wabern - Wankdorf Bahnhof
Kundgebung_oder_Veranstaltung,115,Donnerstag,300,medium,2015,2,19.02.15,20,Kundgebung oder Veranstaltung,Stoerung,Die Linie 20 faehrt ab 17:00 Uhr bis 22:00 Uhr infolge einer Veranstaltung bis/ab Wyler. Wankdorf/Bahnhof wird nicht bedient.,19.02.15 17:00,19.02.15 22:00,Bern Bahnhof - Wankdorf Bahnhof
Kundgebung_oder_Veranstaltung,116,Donnerstag,300,medium,2015,2,19.02.15,20,Kundgebung oder Veranstaltung,Stoerung,Die Linie 20 faehrt ab 17:00 Uhr bis 22:00 Uhr infolge einer Veranstaltung bis/ab Wyler. Wankdorf/Bahnhof wird nicht bedient.,19.02.15 17:00,19.02.15 22:00,Bern Bahnhof - Wankdorf Bahnhof
Fahrzeugpanne,117,Donnerstag,14,verylow,2015,2,12.02.15,160,Fahrzeugpanne,Stoerung,Auf der Linie 160 ist infolge einer Fahrzeugpanne der Kurs um 08:59 Uhr ab Konolfingen Dorf Richtung Bern Flughafen um ca. 12 Min verspaetet.,12.02.15 09:21,12.02.15 09:35,Konolfingen - Belp
Ersatzfahrten_und_Kursausfaelle,118,Samstag,1089,high,2015,3,07.03.15,9,Ersatzfahrten und Kursausfaelle,Stoerung,"Busersatzbetrieb Gurtenbahn ab Samstag 07. Maerz bis Sonntag 08. Maerz 
23:45 Uhr. Keine Befoerderung von Velos.",07.03.15 06:00,08.03.15 23:45,Wabern - Wankdorf Bahnhof
Ersatzfahrten_und_Kursausfaelle,119,Samstag,1089,high,2015,3,07.03.15,9,Ersatzfahrten und Kursausfaelle,Stoerung,"Busersatzbetrieb Gurtenbahn ab Samstag 07. Maerz bis Sonntag 08. Maerz 
23:45 Uhr. Keine Befoerderung von Velos.",07.03.15 06:00,08.03.15 23:45,Wabern - Wankdorf Bahnhof
Ersatzfahrten_und_Kursausfaelle,120,Montag,228,medium,2015,2,23.02.15,9,Ersatzfahrten und Kursausfaelle,Stoerung,"Busersatzbetrieb Gurtenbahn ab Montag 23. Februar bis
Sonntag 01. Maerz 23:45 Uhr. Keine Befoerderung von Velos.",23.02.15 06:00,27.02.15 08:11,Wabern - Wankdorf Bahnhof
Ersatzfahrten_und_Kursausfaelle,121,Montag,228,medium,2015,2,23.02.15,9,Ersatzfahrten und Kursausfaelle,Stoerung,"Busersatzbetrieb Gurtenbahn ab Montag 23. Februar bis
Sonntag 01. Maerz 23:45 Uhr. Keine Befoerderung von Velos.",23.02.15 06:00,27.02.15 08:11,Wabern - Wankdorf Bahnhof
Verkehrsueberlastung,122,Donnerstag,108,low,2015,2,12.02.15,20,Verkehrsueberlastung,Stoerung,Auf der Linie 20 ist infolge Verkehrueberlastung mit Verspaetungen und Kursausfaellen zu rechnen.,12.02.15 17:12,12.02.15 19:00,Bern Bahnhof - Wankdorf Bahnhof
Verkehrsueberlastung,123,Donnerstag,108,low,2015,2,12.02.15,20,Verkehrsueberlastung,Stoerung,Auf der Linie 20 ist infolge Verkehrueberlastung mit Verspaetungen und Kursausfaellen zu rechnen.,12.02.15 17:12,12.02.15 19:00,Bern Bahnhof - Wankdorf Bahnhof
Kundgebung_oder_Veranstaltung,124,Samstag,285,medium,2015,2,21.02.15,7,Kundgebung oder Veranstaltung,Stoerung,Auf den Linien 6 7 8 9 10 12 19 und 30 ist infolge des Baerner Fasnachtumzuges mit weitraeumigen Umleitungen und unregelmaessigem Betrieb zu rechnen.,21.02.15 13:31,21.02.15 18:16,Bümpliz - Ostring
Kundgebung_oder_Veranstaltung,125,Samstag,285,medium,2015,2,21.02.15,8,Kundgebung oder Veranstaltung,Stoerung,Auf den Linien 6 7 8 9 10 12 19 und 30 ist infolge des Baerner Fasnachtumzuges mit weitraeumigen Umleitungen und unregelmaessigem Betrieb zu rechnen.,21.02.15 13:31,21.02.15 18:16,Brünnen Westside Bahnhof - Saali
Kundgebung_oder_Veranstaltung,126,Samstag,285,medium,2015,2,21.02.15,6,Kundgebung oder Veranstaltung,Stoerung,Auf den Linien 6 7 8 9 10 12 19 und 30 ist infolge des Baerner Fasnachtumzuges mit weitraeumigen Umleitungen und unregelmaessigem Betrieb zu rechnen.,21.02.15 13:31,21.02.15 18:16,Fischermätteli - Worb Dorf
Kundgebung_oder_Veranstaltung,127,Samstag,285,medium,2015,2,21.02.15,9,Kundgebung oder Veranstaltung,Stoerung,Auf den Linien 6 7 8 9 10 12 19 und 30 ist infolge des Baerner Fasnachtumzuges mit weitraeumigen Umleitungen und unregelmaessigem Betrieb zu rechnen.,21.02.15 13:31,21.02.15 18:16,Wabern - Wankdorf Bahnhof
Kundgebung_oder_Veranstaltung,128,Samstag,285,medium,2015,2,21.02.15,10,Kundgebung oder Veranstaltung,Stoerung,Auf den Linien 6 7 8 9 10 12 19 und 30 ist infolge des Baerner Fasnachtumzuges mit weitraeumigen Umleitungen und unregelmaessigem Betrieb zu rechnen.,21.02.15 13:31,21.02.15 18:16,Köniz Schliern - Ostermundigen Rüti
Kundgebung_oder_Veranstaltung,129,Samstag,285,medium,2015,2,21.02.15,12,Kundgebung oder Veranstaltung,Stoerung,Auf den Linien 6 7 8 9 10 12 19 und 30 ist infolge des Baerner Fasnachtumzuges mit weitraeumigen Umleitungen und unregelmaessigem Betrieb zu rechnen.,21.02.15 13:31,21.02.15 18:16,Längasse - Zentrum Paul Klee
Kundgebung_oder_Veranstaltung,130,Samstag,285,medium,2015,2,21.02.15,19,Kundgebung oder Veranstaltung,Stoerung,Auf den Linien 6 7 8 9 10 12 19 und 30 ist infolge des Baerner Fasnachtumzuges mit weitraeumigen Umleitungen und unregelmaessigem Betrieb zu rechnen.,21.02.15 13:31,21.02.15 18:16,Blinzern - Elfenau
Kundgebung_oder_Veranstaltung,131,Samstag,285,medium,2015,2,21.02.15,8,Kundgebung oder Veranstaltung,Stoerung,Auf den Linien 6 7 8 9 10 12 19 und 30 ist infolge des Baerner Fasnachtumzuges mit weitraeumigen Umleitungen und unregelmaessigem Betrieb zu rechnen.,21.02.15 13:31,21.02.15 18:16,Brünnen Westside Bahnhof - Saali
Kundgebung_oder_Veranstaltung,132,Samstag,285,medium,2015,2,21.02.15,9,Kundgebung oder Veranstaltung,Stoerung,Auf den Linien 6 7 8 9 10 12 19 und 30 ist infolge des Baerner Fasnachtumzuges mit weitraeumigen Umleitungen und unregelmaessigem Betrieb zu rechnen.,21.02.15 13:31,21.02.15 18:16,Wabern - Wankdorf Bahnhof
Kundgebung_oder_Veranstaltung,133,Samstag,285,medium,2015,2,21.02.15,12,Kundgebung oder Veranstaltung,Stoerung,Auf den Linien 6 7 8 9 10 12 19 und 30 ist infolge des Baerner Fasnachtumzuges mit weitraeumigen Umleitungen und unregelmaessigem Betrieb zu rechnen.,21.02.15 13:31,21.02.15 18:16,Längasse - Zentrum Paul Klee
Verkehrsbehinderung,134,Samstag,4,verylow,2015,2,21.02.15,9,Verkehrsbehinderung,Stoerung,Auf den Linien 9 10 12 und 30 ist infolge der Sperrung des Kornhausplatzes und der Altstadt mit Umleitungen und unregelmaessigem Betrieb zu rechnen.,21.02.15 18:01,21.02.15 18:05,Wabern - Wankdorf Bahnhof
Verkehrsbehinderung,135,Samstag,4,verylow,2015,2,21.02.15,10,Verkehrsbehinderung,Stoerung,Auf den Linien 9 10 12 und 30 ist infolge der Sperrung des Kornhausplatzes und der Altstadt mit Umleitungen und unregelmaessigem Betrieb zu rechnen.,21.02.15 18:01,21.02.15 18:05,Köniz Schliern - Ostermundigen Rüti
Verkehrsbehinderung,136,Samstag,4,verylow,2015,2,21.02.15,12,Verkehrsbehinderung,Stoerung,Auf den Linien 9 10 12 und 30 ist infolge der Sperrung des Kornhausplatzes und der Altstadt mit Umleitungen und unregelmaessigem Betrieb zu rechnen.,21.02.15 18:01,21.02.15 18:05,Längasse - Zentrum Paul Klee
Verkehrsbehinderung,137,Samstag,4,verylow,2015,2,21.02.15,9,Verkehrsbehinderung,Stoerung,Auf den Linien 9 10 12 und 30 ist infolge der Sperrung des Kornhausplatzes und der Altstadt mit Umleitungen und unregelmaessigem Betrieb zu rechnen.,21.02.15 18:01,21.02.15 18:05,Wabern - Wankdorf Bahnhof
Verkehrsbehinderung,138,Samstag,4,verylow,2015,2,21.02.15,12,Verkehrsbehinderung,Stoerung,Auf den Linien 9 10 12 und 30 ist infolge der Sperrung des Kornhausplatzes und der Altstadt mit Umleitungen und unregelmaessigem Betrieb zu rechnen.,21.02.15 18:01,21.02.15 18:05,Längasse - Zentrum Paul Klee
Fahrzeugpanne,139,Dienstag,57,low,2015,2,17.02.15,8,Fahrzeugpanne,Geplante Stoerung,17.02.2015 18:15 Uhr: Auf den Linien 7 und 8 ist infolge einer Fahrzeugpanne mit Verspaetungen und unregelmaessigem Betrieb zu rechnen. Dauer: ca. 1h.,17.02.15 18:15,17.02.15 19:11,Brünnen Westside Bahnhof - Saali
Fahrzeugpanne,140,Dienstag,57,low,2015,2,17.02.15,8,Fahrzeugpanne,Geplante Stoerung,17.02.2015 18:15 Uhr: Auf den Linien 7 und 8 ist infolge einer Fahrzeugpanne mit Verspaetungen und unregelmaessigem Betrieb zu rechnen. Dauer: ca. 1h.,17.02.15 18:15,17.02.15 19:11,Brünnen Westside Bahnhof - Saali
Fahrzeugpanne,141,Dienstag,57,low,2015,2,17.02.15,7,Fahrzeugpanne,Geplante Stoerung,17.02.2015 18:15 Uhr: Auf den Linien 7 und 8 ist infolge einer Fahrzeugpanne mit Verspaetungen und unregelmaessigem Betrieb zu rechnen. Dauer: ca. 1h.,17.02.15 18:15,17.02.15 19:11,Bümpliz - Ostring
Fahrzeugpanne,142,Dienstag,68,low,2015,2,17.02.15,7,Fahrzeugpanne,Geplante Stoerung,17.02.2015 18:15 Uhr: Auf der Linie 7 ist infolge einer Fahrzeugpanne mit Verspaetungen und unregelmaessigem Betrieb zu rechnen. Dauer: ca. 1h.,17.02.15 18:15,17.02.15 19:22,Bümpliz - Ostring
Fahrzeugpanne,143,Mittwoch,31,low,2015,2,18.02.15,160,Fahrzeugpanne,Stoerung,Auf der Linie 160 faellt infolge einer Fahrzeugpanne der Kurs um 05:55 Uhr ab Rubigen Bahnhof Richtung Bern Flughafen aus. Die naechste Abfahrt erfolgt um 06:32 Uhr.  ,18.02.15 06:05,18.02.15 06:36,Konolfingen - Belp
Verkehrsueberlastung,144,Donnerstag,96,low,2015,2,19.02.15,9,Verkehrsueberlastung,Geplante Stoerung,19.02.2015 17:34 Uhr: Auf den Linien 9 und 20 ist infolge Verkehrueberlastung mit unregelmaessigem Betrieb zu rechnen. Dauer: unbestimmt.,19.02.15 17:35,19.02.15 19:11,Wabern - Wankdorf Bahnhof
Verkehrsueberlastung,145,Donnerstag,96,low,2015,2,19.02.15,20,Verkehrsueberlastung,Geplante Stoerung,19.02.2015 17:34 Uhr: Auf den Linien 9 und 20 ist infolge Verkehrueberlastung mit unregelmaessigem Betrieb zu rechnen. Dauer: unbestimmt.,19.02.15 17:35,19.02.15 19:11,Bern Bahnhof - Wankdorf Bahnhof
Verkehrsueberlastung,146,Donnerstag,96,low,2015,2,19.02.15,20,Verkehrsueberlastung,Geplante Stoerung,19.02.2015 17:34 Uhr: Auf den Linien 9 und 20 ist infolge Verkehrueberlastung mit unregelmaessigem Betrieb zu rechnen. Dauer: unbestimmt.,19.02.15 17:35,19.02.15 19:11,Bern Bahnhof - Wankdorf Bahnhof
Verkehrsueberlastung,147,Donnerstag,96,low,2015,2,19.02.15,9,Verkehrsueberlastung,Geplante Stoerung,19.02.2015 17:34 Uhr: Auf den Linien 9 und 20 ist infolge Verkehrueberlastung mit unregelmaessigem Betrieb zu rechnen. Dauer: unbestimmt.,19.02.15 17:35,19.02.15 19:11,Wabern - Wankdorf Bahnhof
Kundgebung_oder_Veranstaltung,148,Donnerstag,299,medium,2015,2,19.02.15,9,Kundgebung oder Veranstaltung,Stoerung,Auf der Linie 9 ist infolge einer Veranstaltung die Strecke zwischen Guisanplatz Expo und Wankdorf Bahnhof nicht bedient. Dauer: bis 19.02.2015 ca. 22:00 Uhr.,19.02.15 17:01,19.02.15 22:00,Wabern - Wankdorf Bahnhof
Kundgebung_oder_Veranstaltung,149,Donnerstag,299,medium,2015,2,19.02.15,9,Kundgebung oder Veranstaltung,Stoerung,Auf der Linie 9 ist infolge einer Veranstaltung die Strecke zwischen Guisanplatz Expo und Wankdorf Bahnhof nicht bedient. Dauer: bis 19.02.2015 ca. 22:00 Uhr.,19.02.15 17:01,19.02.15 22:00,Wabern - Wankdorf Bahnhof
Kundgebung_oder_Veranstaltung,150,Freitag,1319,high,2015,2,20.02.15,12,Kundgebung oder Veranstaltung,Stoerung,Auf der Linie 12 ist infolge der Baerner Fasnacht zwischen Zytglogge und Nydegg via Brunn- und Postgasshalde umgeleitet.,20.02.15 15:31,21.02.15 13:30,Längasse - Zentrum Paul Klee
Kundgebung_oder_Veranstaltung,151,Freitag,1319,high,2015,2,20.02.15,12,Kundgebung oder Veranstaltung,Stoerung,Auf der Linie 12 ist infolge der Baerner Fasnacht zwischen Zytglogge und Nydegg via Brunn- und Postgasshalde umgeleitet.,20.02.15 15:31,21.02.15 13:30,Längasse - Zentrum Paul Klee
Betriebsstoerung,152,Samstag,51,low,2015,2,21.02.15,6,Betriebsstoerung,Geplante Stoerung,21.02.2015 08:51 Uhr: Auf den Linien 6 7 und 8 ist infolge einer Betriebsstoerung auf der Strecke zwischen Bern Bahnhof und Ostring Saal Worb mit Verspaetungen und Kursausfaellen zu rechnen. Dauer: unbestimmt.,21.02.15 08:52,21.02.15 09:43,Fischermätteli - Worb Dorf
Betriebsstoerung,153,Samstag,51,low,2015,2,21.02.15,7,Betriebsstoerung,Geplante Stoerung,21.02.2015 08:51 Uhr: Auf den Linien 6 7 und 8 ist infolge einer Betriebsstoerung auf der Strecke zwischen Bern Bahnhof und Ostring Saal Worb mit Verspaetungen und Kursausfaellen zu rechnen. Dauer: unbestimmt.,21.02.15 08:52,21.02.15 09:43,Bümpliz - Ostring
Betriebsstoerung,154,Samstag,51,low,2015,2,21.02.15,8,Betriebsstoerung,Geplante Stoerung,21.02.2015 08:51 Uhr: Auf den Linien 6 7 und 8 ist infolge einer Betriebsstoerung auf der Strecke zwischen Bern Bahnhof und Ostring Saal Worb mit Verspaetungen und Kursausfaellen zu rechnen. Dauer: unbestimmt.,21.02.15 08:52,21.02.15 09:43,Brünnen Westside Bahnhof - Saali
Betriebsstoerung,155,Samstag,41,low,2015,2,21.02.15,6,Betriebsstoerung,Geplante Stoerung,21.02.2015 09:42 Uhr: Auf den Linien 6 7 und 8 ist infolge einer Betriebsstoerung mit unregelmaessigem Betrieb zu rechnen. Dauer: unbestimmt.,21.02.15 09:42,21.02.15 10:23,Fischermätteli - Worb Dorf
Betriebsstoerung,156,Samstag,41,low,2015,2,21.02.15,7,Betriebsstoerung,Geplante Stoerung,21.02.2015 09:42 Uhr: Auf den Linien 6 7 und 8 ist infolge einer Betriebsstoerung mit unregelmaessigem Betrieb zu rechnen. Dauer: unbestimmt.,21.02.15 09:42,21.02.15 10:23,Bümpliz - Ostring
Betriebsstoerung,157,Samstag,41,low,2015,2,21.02.15,8,Betriebsstoerung,Geplante Stoerung,21.02.2015 09:42 Uhr: Auf den Linien 6 7 und 8 ist infolge einer Betriebsstoerung mit unregelmaessigem Betrieb zu rechnen. Dauer: unbestimmt.,21.02.15 09:42,21.02.15 10:23,Brünnen Westside Bahnhof - Saali
Kundgebung_oder_Veranstaltung,158,Samstag,299,medium,2015,2,21.02.15,6,Kundgebung oder Veranstaltung,Stoerung,Auf den Linien 6 9 10 12 19 und 30 ist infolge eines Fasnachtsumzuges mit unregelmaessigem Betrieb zu rechnen. Dauer: bis 21.02.2015 ca. 18:00 Uhr.,21.02.15 13:31,21.02.15 18:29,Fischermätteli - Worb Dorf
Kundgebung_oder_Veranstaltung,159,Samstag,299,medium,2015,2,21.02.15,9,Kundgebung oder Veranstaltung,Stoerung,Auf den Linien 6 9 10 12 19 und 30 ist infolge eines Fasnachtsumzuges mit unregelmaessigem Betrieb zu rechnen. Dauer: bis 21.02.2015 ca. 18:00 Uhr.,21.02.15 13:31,21.02.15 18:29,Wabern - Wankdorf Bahnhof
Kundgebung_oder_Veranstaltung,160,Samstag,299,medium,2015,2,21.02.15,10,Kundgebung oder Veranstaltung,Stoerung,Auf den Linien 6 9 10 12 19 und 30 ist infolge eines Fasnachtsumzuges mit unregelmaessigem Betrieb zu rechnen. Dauer: bis 21.02.2015 ca. 18:00 Uhr.,21.02.15 13:31,21.02.15 18:29,Köniz Schliern - Ostermundigen Rüti
Kundgebung_oder_Veranstaltung,161,Samstag,299,medium,2015,2,21.02.15,12,Kundgebung oder Veranstaltung,Stoerung,Auf den Linien 6 9 10 12 19 und 30 ist infolge eines Fasnachtsumzuges mit unregelmaessigem Betrieb zu rechnen. Dauer: bis 21.02.2015 ca. 18:00 Uhr.,21.02.15 13:31,21.02.15 18:29,Längasse - Zentrum Paul Klee
Kundgebung_oder_Veranstaltung,162,Samstag,299,medium,2015,2,21.02.15,19,Kundgebung oder Veranstaltung,Stoerung,Auf den Linien 6 9 10 12 19 und 30 ist infolge eines Fasnachtsumzuges mit unregelmaessigem Betrieb zu rechnen. Dauer: bis 21.02.2015 ca. 18:00 Uhr.,21.02.15 13:31,21.02.15 18:29,Blinzern - Elfenau
Kundgebung_oder_Veranstaltung,163,Samstag,299,medium,2015,2,21.02.15,9,Kundgebung oder Veranstaltung,Stoerung,Auf den Linien 6 9 10 12 19 und 30 ist infolge eines Fasnachtsumzuges mit unregelmaessigem Betrieb zu rechnen. Dauer: bis 21.02.2015 ca. 18:00 Uhr.,21.02.15 13:31,21.02.15 18:29,Wabern - Wankdorf Bahnhof
Kundgebung_oder_Veranstaltung,164,Samstag,299,medium,2015,2,21.02.15,12,Kundgebung oder Veranstaltung,Stoerung,Auf den Linien 6 9 10 12 19 und 30 ist infolge eines Fasnachtsumzuges mit unregelmaessigem Betrieb zu rechnen. Dauer: bis 21.02.2015 ca. 18:00 Uhr.,21.02.15 13:31,21.02.15 18:29,Längasse - Zentrum Paul Klee
Verkehrsbehinderung,165,Samstag,405,medium,2015,2,21.02.15,9,Verkehrsbehinderung,Stoerung,Auf den Linien 9 10 12 und 30 ist infolge der Sperrung des Kornhausplatzes und der Altstadt mit Umleitungen und unregelmaessigem Betrieb zu rechnen.,21.02.15 18:10,22.02.15 00:55,Wabern - Wankdorf Bahnhof
Verkehrsbehinderung,166,Samstag,405,medium,2015,2,21.02.15,10,Verkehrsbehinderung,Stoerung,Auf den Linien 9 10 12 und 30 ist infolge der Sperrung des Kornhausplatzes und der Altstadt mit Umleitungen und unregelmaessigem Betrieb zu rechnen.,21.02.15 18:10,22.02.15 00:55,Köniz Schliern - Ostermundigen Rüti
Verkehrsbehinderung,167,Samstag,405,medium,2015,2,21.02.15,12,Verkehrsbehinderung,Stoerung,Auf den Linien 9 10 12 und 30 ist infolge der Sperrung des Kornhausplatzes und der Altstadt mit Umleitungen und unregelmaessigem Betrieb zu rechnen.,21.02.15 18:10,22.02.15 00:55,Längasse - Zentrum Paul Klee
Verkehrsbehinderung,168,Samstag,405,medium,2015,2,21.02.15,12,Verkehrsbehinderung,Stoerung,Auf den Linien 9 10 12 und 30 ist infolge der Sperrung des Kornhausplatzes und der Altstadt mit Umleitungen und unregelmaessigem Betrieb zu rechnen.,21.02.15 18:10,22.02.15 00:55,Längasse - Zentrum Paul Klee
Kundgebung_oder_Veranstaltung,169,Sonntag,79,low,2015,2,22.02.15,9,Kundgebung oder Veranstaltung,Stoerung,Die Linie 9 faehrt ab 13:45 Uhr infolge einer Veranstaltung bis/ab Guisanplatz. Die Strecke Guisanplatz-Wankdorf wird bis 19:45 Uhr nicht bedient.,22.02.15 11:45,22.02.15 13:03,Wabern - Wankdorf Bahnhof
Kundgebung_oder_Veranstaltung,170,Sonntag,94,low,2015,2,22.02.15,20,Kundgebung oder Veranstaltung,Stoerung,Die Linie 20 faehrt ab 13:30 Uhr infolge einer Veranstaltung bis/ab Wyler. Die Haltestelle Wankdorf Bahnhof wird bis 19:45 Uhr nicht bedient.,22.02.15 11:30,22.02.15 13:04,Bern Bahnhof - Wankdorf Bahnhof
Kundgebung_oder_Veranstaltung,171,Sonntag,94,low,2015,2,22.02.15,20,Kundgebung oder Veranstaltung,Stoerung,Die Linie 20 faehrt ab 13:30 Uhr infolge einer Veranstaltung bis/ab Wyler. Die Haltestelle Wankdorf Bahnhof wird bis 19:45 Uhr nicht bedient.,22.02.15 11:30,22.02.15 13:04,Bern Bahnhof - Wankdorf Bahnhof
Kundgebung_oder_Veranstaltung,172,Sonntag,375,medium,2015,2,22.02.15,20,Kundgebung oder Veranstaltung,Stoerung,Die Linie 20 faehrt infolge einer Veranstaltung bis/ab Wyler. Die Haltestelle Wankdorf/Bahnhof wird bis 19:45 Uhr nicht bedient.,22.02.15 13:30,22.02.15 19:45,Bern Bahnhof - Wankdorf Bahnhof
Kundgebung_oder_Veranstaltung,173,Sonntag,375,medium,2015,2,22.02.15,20,Kundgebung oder Veranstaltung,Stoerung,Die Linie 20 faehrt infolge einer Veranstaltung bis/ab Wyler. Die Haltestelle Wankdorf/Bahnhof wird bis 19:45 Uhr nicht bedient.,22.02.15 13:30,22.02.15 19:45,Bern Bahnhof - Wankdorf Bahnhof
Kundgebung_oder_Veranstaltung,174,Sonntag,360,medium,2015,2,22.02.15,9,Kundgebung oder Veranstaltung,Stoerung,Die Linie 9 faehrt infolge einer Veranstaltung bis/ab Guisanplatz. Die Strecke Guisanplatz-Wankdorf wird bis 19:45 Uhr nicht bedient.,22.02.15 13:45,22.02.15 19:45,Wabern - Wankdorf Bahnhof
Sonstige_Stoerungen,175,Sonntag,16,verylow,2015,2,22.02.15,12,Sonstige Stoerungen,Stoerung,Umleitung Linie 12 via Brunn- und Postgasshalde: Baerenplatz bis Rathaus provisorische Haltestellenbedienung. Dauer: unbestimmt.,22.02.15 09:29,22.02.15 09:44,Längasse - Zentrum Paul Klee
Sonstige_Stoerungen,176,Sonntag,16,verylow,2015,2,22.02.15,12,Sonstige Stoerungen,Stoerung,Umleitung Linie 12 via Brunn- und Postgasshalde: Baerenplatz bis Rathaus provisorische Haltestellenbedienung. Dauer: unbestimmt.,22.02.15 09:29,22.02.15 09:44,Längasse - Zentrum Paul Klee
Sonstige_Stoerungen,177,Sonntag,23,verylow,2015,2,22.02.15,12,Sonstige Stoerungen,Stoerung,Die Linie 12 faehrt wieder nach Fahrplan.,22.02.15 10:22,22.02.15 10:44,Längasse - Zentrum Paul Klee
Sonstige_Stoerungen,178,Sonntag,23,verylow,2015,2,22.02.15,12,Sonstige Stoerungen,Stoerung,Die Linie 12 faehrt wieder nach Fahrplan.,22.02.15 10:22,22.02.15 10:44,Längasse - Zentrum Paul Klee
Sonstige_Stoerungen,179,Sonntag,4,verylow,2015,2,22.02.15,12,Sonstige Stoerungen,Stoerung,Die Linie 12 faehrt wieder nach Fahrplan.,22.02.15 11:55,22.02.15 11:58,Längasse - Zentrum Paul Klee
Sonstige_Stoerungen,180,Sonntag,4,verylow,2015,2,22.02.15,12,Sonstige Stoerungen,Stoerung,Die Linie 12 faehrt wieder nach Fahrplan.,22.02.15 11:55,22.02.15 11:58,Längasse - Zentrum Paul Klee
Sonstige_Stoerungen,181,Sonntag,64,low,2015,2,22.02.15,12,Sonstige Stoerungen,Stoerung,Die Linie 12 faehrt wieder nach Fahrplan.,22.02.15 12:00,22.02.15 13:03,Längasse - Zentrum Paul Klee
Sonstige_Stoerungen,182,Sonntag,64,low,2015,2,22.02.15,12,Sonstige Stoerungen,Stoerung,Die Linie 12 faehrt wieder nach Fahrplan.,22.02.15 12:00,22.02.15 13:03,Längasse - Zentrum Paul Klee
Fahrzeugpanne,183,Montag,29,verylow,2015,2,23.02.15,7,Fahrzeugpanne,Stoerung,Auf der Linie 7 ist infolge einer Fahrzeugpanne die Strecke zwischen Buempliz und Bern Bahnhof unterbrochen. Dauer: bis 23.02.2015 ca. 19:02 Uhr.,23.02.15 18:04,23.02.15 18:32,Bümpliz - Ostring
Fahrzeugpanne,184,Montag,28,verylow,2015,2,23.02.15,8,Fahrzeugpanne,Stoerung,Auf der Linie 8 ist infolge einer Fahrzeugpanne die Strecke zwischen Bruennen Westside Bahnhof und Bern Bahnhof unterbrochen. Dauer: bis 24.02.2015 ca. 19:05 Uhr.,23.02.15 18:05,23.02.15 18:32,Brünnen Westside Bahnhof - Saali
Fahrzeugpanne,185,Montag,38,low,2015,2,23.02.15,7,Fahrzeugpanne,Stoerung,Auf den Linien 7 und 8 ist infolge einer Fahrzeugpanne auf der Strecke zwischen Bahnhof und Ostring / Saali mit unregelmaessigem Betrieb zu rechnen. Dauer: bis 23.02.2015 ca. 20:00 Uhr.,23.02.15 18:23,23.02.15 19:00,Bümpliz - Ostring
Fahrzeugpanne,186,Montag,38,low,2015,2,23.02.15,8,Fahrzeugpanne,Stoerung,Auf den Linien 7 und 8 ist infolge einer Fahrzeugpanne auf der Strecke zwischen Bahnhof und Ostring / Saali mit unregelmaessigem Betrieb zu rechnen. Dauer: bis 23.02.2015 ca. 20:00 Uhr.,23.02.15 18:23,23.02.15 19:00,Brünnen Westside Bahnhof - Saali
Betriebsstoerung,187,Montag,17,verylow,2015,2,23.02.15,7,Betriebsstoerung,Stoerung,Infolge einer Betriebsstoerung fahren die Kurse der Linie 7 ab Ostring nur bis Bahnhof Bern. Nach Buempliz bitte den Tramersatzbus ab Perron D benuetzen und bei der Unterfuehrung auf die Tramlinien umsteigen.,23.02.15 18:33,23.02.15 18:50,Bümpliz - Ostring
Betriebsstoerung,188,Montag,17,verylow,2015,2,23.02.15,8,Betriebsstoerung,Stoerung,Infolge einer Betriebsstoerung fahren die Kurse der Linie 8 ab Saali nur bis Bahnhof Bern. Nach Bruennen Westside Bahnhof bitte den Tramersatzbus ab Perron C benuetzen und bei der Unterfuehrung auf die Tramlinien umsteigen.,23.02.15 18:34,23.02.15 18:50,Brünnen Westside Bahnhof - Saali
Fahrzeugpanne,189,Montag,85,low,2015,2,23.02.15,7,Fahrzeugpanne,Stoerung,Auf den Linien 7 und 8 ist infolge einer Fahrzeugpanne mit Verspaetungen und unregelmaessigem Betrieb zu rechnen. Dauer: bis 23.02.2015 ca. 20:30 Uhr.,23.02.15 18:49,23.02.15 20:14,Bümpliz - Ostring
Fahrzeugpanne,190,Montag,85,low,2015,2,23.02.15,8,Fahrzeugpanne,Stoerung,Auf den Linien 7 und 8 ist infolge einer Fahrzeugpanne mit Verspaetungen und unregelmaessigem Betrieb zu rechnen. Dauer: bis 23.02.2015 ca. 20:30 Uhr.,23.02.15 18:49,23.02.15 20:14,Brünnen Westside Bahnhof - Saali
Fahrzeugpanne,191,Montag,103,low,2015,2,23.02.15,8,Fahrzeugpanne,Stoerung,Auf der Linie 8 ist infolge einer Fahrzeugpanne mit Verspaetungen und unregelmaessigem Betrieb zu rechnen. Dauer: bis 23.02.2015 ca. 20:30 Uhr.,23.02.15 18:49,23.02.15 20:31,Brünnen Westside Bahnhof - Saali
Verspaetungen_Allgemein,192,Mittwoch,33,low,2015,2,25.02.15,9,Verspaetungen Allgemein,Stoerung,Linie 9: Die Strecke ist wieder durchgehend befahrbar es kommt jedoch weiterhin zu Verspaetungen.,25.02.15 08:54,25.02.15 09:27,Wabern - Wankdorf Bahnhof
Verspaetungen_Allgemein,193,Mittwoch,20,verylow,2015,2,25.02.15,9,Verspaetungen Allgemein,Stoerung,Linie 9: Die Strecke ist wieder durchgehend befahrbar es kommt jedoch weiterhin zu Verspaetungen.,25.02.15 09:08,25.02.15 09:28,Wabern - Wankdorf Bahnhof
Kundgebung_oder_Veranstaltung,194,Samstag,134,medium,2015,3,07.03.15,10,Kundgebung oder Veranstaltung,Stoerung,Die Linien 10 und 19 werden infolge einer Veranstaltung auf dem Bundesplatz durch die Spital-/Marktgasse umgeleitet.,07.03.15 13:00,07.03.15 15:14,Köniz Schliern - Ostermundigen Rüti
Kundgebung_oder_Veranstaltung,195,Samstag,134,medium,2015,3,07.03.15,19,Kundgebung oder Veranstaltung,Stoerung,Die Linien 10 und 19 werden infolge einer Veranstaltung auf dem Bundesplatz durch die Spital-/Marktgasse umgeleitet.,07.03.15 13:00,07.03.15 15:14,Blinzern - Elfenau
Fahrzeugpanne,196,Sonntag,24,verylow,2015,3,01.03.15,6,Fahrzeugpanne,Stoerung,Auf der Linie 6 ist infolge einer Fahrzeugpanne der Kurs um 06:18 Uhr ab Siloah Richtung Fischermaetteli um ca. 10 Min verspaetet. Es faehrt ein Autobus.,01.03.15 06:17,01.03.15 06:41,Fischermätteli - Worb Dorf
Verspaetungen_Allgemein,197,Montag,37,low,2015,3,02.03.15,20,Verspaetungen Allgemein,Geplante Stoerung,02.03.2015 06:36 Uhr: Die Linien 20 und 21 sind wieder durchgehend befahrbar es kommt jedoch weiterhin zu Verspaetungen und unregelmaessigem Betrieb. Dauer: unbestimmt.,02.03.15 06:38,02.03.15 07:14,Bern Bahnhof - Wankdorf Bahnhof
Verspaetungen_Allgemein,198,Montag,37,low,2015,3,02.03.15,20,Verspaetungen Allgemein,Geplante Stoerung,02.03.2015 06:36 Uhr: Die Linien 20 und 21 sind wieder durchgehend befahrbar es kommt jedoch weiterhin zu Verspaetungen und unregelmaessigem Betrieb. Dauer: unbestimmt.,02.03.15 06:38,02.03.15 07:14,Bern Bahnhof - Wankdorf Bahnhof
Verspaetungen_Allgemein,199,Montag,17,verylow,2015,3,02.03.15,20,Verspaetungen Allgemein,Stoerung,Die Linien 20 und 21 sind wieder durchgehend befahrbar es kommt jedoch weiterhin zu Verspaetungen und unregelmaessigem Betrieb. Dauer: unbestimmt.,02.03.15 06:58,02.03.15 07:15,Bern Bahnhof - Wankdorf Bahnhof
Verspaetungen_Allgemein,200,Montag,17,verylow,2015,3,02.03.15,20,Verspaetungen Allgemein,Stoerung,Die Linien 20 und 21 sind wieder durchgehend befahrbar es kommt jedoch weiterhin zu Verspaetungen und unregelmaessigem Betrieb. Dauer: unbestimmt.,02.03.15 06:58,02.03.15 07:15,Bern Bahnhof - Wankdorf Bahnhof
Verspaetungen_Allgemein,201,Donnerstag,34,low,2015,3,05.03.15,11,Verspaetungen Allgemein,Geplante Stoerung,05.03.2015 08:04 Uhr: Auf der Linie 11 ist infolge einer Lichtsignalstoerung beim Inselspital mit Verspaetungen zu rechnen. Dauer: unbestimmt.,05.03.15 08:06,05.03.15 08:40,Holligen - Neufeld P+R
Verspaetungen_Allgemein,202,Donnerstag,34,low,2015,3,05.03.15,11,Verspaetungen Allgemein,Geplante Stoerung,05.03.2015 08:04 Uhr: Auf der Linie 11 ist infolge einer Lichtsignalstoerung beim Inselspital mit Verspaetungen zu rechnen. Dauer: unbestimmt.,05.03.15 08:06,05.03.15 08:40,Holligen - Neufeld P+R
Fahrzeugpanne,203,Freitag,69,low,2015,3,06.03.15,6,Fahrzeugpanne,Stoerung,Auf der Linie 6 ist infolge einer Fahrzeugpanne mit Verspaetungen und Kursausfaellen zu rechnen. Dauer: bis 16:30 Uhr.,06.03.15 15:21,06.03.15 16:30,Fischermätteli - Worb Dorf
Betriebsstoerung,204,Freitag,60,low,2015,3,06.03.15,9,Betriebsstoerung,Stoerung,Auf der Linie 9 ist infolge einer Betriebsstoerung mit unregelmaessigem Betrieb zu rechnen.,06.03.15 16:23,06.03.15 17:23,Wabern - Wankdorf Bahnhof
Fahrzeugpanne,205,Samstag,25,verylow,2015,3,07.03.15,7,Fahrzeugpanne,Stoerung,Auf der Linie 7 ist infolge einer Fahrzeugpanne mit Verspaetungen und Kursausfaellen zu rechnen. Die Strecke zwischen Unterfuehrung und Buempliz ist gesperrt. Busersatz wird aufgezogen.,07.03.15 08:38,07.03.15 09:02,Bümpliz - Ostring
Betriebsstoerung,206,Samstag,38,low,2015,3,07.03.15,7,Betriebsstoerung,Geplante Stoerung,07.03.2015 09:02 Uhr: Auf der Linie 7 ist infolge einer Betriebsstoerung mit Verspaetungen und unregelmaessigem Betrieb zu rechnen. Dauer: unbestimmt.,07.03.15 09:02,07.03.15 09:40,Bümpliz - Ostring
Kundgebung_oder_Veranstaltung,207,Sonntag,315,medium,2015,3,08.03.15,9,Kundgebung oder Veranstaltung,Stoerung,Auf der Linie 9 ist infolge einer Veranstaltung die Strecke zwischen Guisanplatz Expo und Wankdorf Bahnhof unterbrochen. Dauer: bis 08.03.2015 ca. 17:00 Uhr.,08.03.15 11:45,08.03.15 17:00,Wabern - Wankdorf Bahnhof
Kundgebung_oder_Veranstaltung,208,Samstag,50,low,2015,3,07.03.15,20,Kundgebung oder Veranstaltung,Geplante Stoerung,07.03.2015 13:43 Uhr: Auf der Linie 20 ist infolge einer Kundgebung die Strecke zwischen Bern Bahnhof und Gewerbeschule unterbrochen. Die Busse wenden zurzeit bei der Haltestelle Gewerbeschule.,07.03.15 14:02,07.03.15 14:51,Bern Bahnhof - Wankdorf Bahnhof
Kundgebung_oder_Veranstaltung,209,Samstag,50,low,2015,3,07.03.15,20,Kundgebung oder Veranstaltung,Geplante Stoerung,07.03.2015 13:43 Uhr: Auf der Linie 20 ist infolge einer Kundgebung die Strecke zwischen Bern Bahnhof und Gewerbeschule unterbrochen. Die Busse wenden zurzeit bei der Haltestelle Gewerbeschule.,07.03.15 14:02,07.03.15 14:51,Bern Bahnhof - Wankdorf Bahnhof
Kundgebung_oder_Veranstaltung,210,Samstag,47,low,2015,3,07.03.15,11,Kundgebung oder Veranstaltung,Geplante Stoerung,07.03.2015 14:03 Uhr: Auf den Linien 11 und 21 ist infolge einer Kundgebung die Strecke zwischen Bern Bahnhof und Bierhuebeli Stadtauswaerts via Bern Mittelstrasse umgeleitet. Die Haltestellen Bollwerk und Henkerbruennli werden nicht bedient. Dauer: unbestimmt.,07.03.15 14:05,07.03.15 14:51,Holligen - Neufeld P+R
Kundgebung_oder_Veranstaltung,211,Samstag,47,low,2015,3,07.03.15,11,Kundgebung oder Veranstaltung,Geplante Stoerung,07.03.2015 14:03 Uhr: Auf den Linien 11 und 21 ist infolge einer Kundgebung die Strecke zwischen Bern Bahnhof und Bierhuebeli Stadtauswaerts via Bern Mittelstrasse umgeleitet. Die Haltestellen Bollwerk und Henkerbruennli werden nicht bedient. Dauer: unbestimmt.,07.03.15 14:05,07.03.15 14:51,Holligen - Neufeld P+R
Kundgebung_oder_Veranstaltung,212,Samstag,40,low,2015,3,07.03.15,19,Kundgebung oder Veranstaltung,Geplante Stoerung,07.03.2015 14:35 Uhr: Auf den Linien 6 7 8 9 10 12 und 19 ist infolge einer Kundgebung in der Innenstadt mit Verspaetungen und unregelmaessigem Betrieb zu rechnen. Dauer: unbestimmt.,07.03.15 14:36,07.03.15 15:15,Blinzern - Elfenau
Kundgebung_oder_Veranstaltung,213,Samstag,40,low,2015,3,07.03.15,6,Kundgebung oder Veranstaltung,Geplante Stoerung,07.03.2015 14:35 Uhr: Auf den Linien 6 7 8 9 10 12 und 19 ist infolge einer Kundgebung in der Innenstadt mit Verspaetungen und unregelmaessigem Betrieb zu rechnen. Dauer: unbestimmt.,07.03.15 14:36,07.03.15 15:15,Fischermätteli - Worb Dorf
Kundgebung_oder_Veranstaltung,214,Samstag,40,low,2015,3,07.03.15,7,Kundgebung oder Veranstaltung,Geplante Stoerung,07.03.2015 14:35 Uhr: Auf den Linien 6 7 8 9 10 12 und 19 ist infolge einer Kundgebung in der Innenstadt mit Verspaetungen und unregelmaessigem Betrieb zu rechnen. Dauer: unbestimmt.,07.03.15 14:36,07.03.15 15:15,Bümpliz - Ostring
Kundgebung_oder_Veranstaltung,215,Samstag,40,low,2015,3,07.03.15,8,Kundgebung oder Veranstaltung,Geplante Stoerung,07.03.2015 14:35 Uhr: Auf den Linien 6 7 8 9 10 12 und 19 ist infolge einer Kundgebung in der Innenstadt mit Verspaetungen und unregelmaessigem Betrieb zu rechnen. Dauer: unbestimmt.,07.03.15 14:36,07.03.15 15:15,Brünnen Westside Bahnhof - Saali
Kundgebung_oder_Veranstaltung,216,Samstag,40,low,2015,3,07.03.15,9,Kundgebung oder Veranstaltung,Geplante Stoerung,07.03.2015 14:35 Uhr: Auf den Linien 6 7 8 9 10 12 und 19 ist infolge einer Kundgebung in der Innenstadt mit Verspaetungen und unregelmaessigem Betrieb zu rechnen. Dauer: unbestimmt.,07.03.15 14:36,07.03.15 15:15,Wabern - Wankdorf Bahnhof
Kundgebung_oder_Veranstaltung,217,Samstag,40,low,2015,3,07.03.15,10,Kundgebung oder Veranstaltung,Geplante Stoerung,07.03.2015 14:35 Uhr: Auf den Linien 6 7 8 9 10 12 und 19 ist infolge einer Kundgebung in der Innenstadt mit Verspaetungen und unregelmaessigem Betrieb zu rechnen. Dauer: unbestimmt.,07.03.15 14:36,07.03.15 15:15,Köniz Schliern - Ostermundigen Rüti
Kundgebung_oder_Veranstaltung,218,Samstag,40,low,2015,3,07.03.15,12,Kundgebung oder Veranstaltung,Geplante Stoerung,07.03.2015 14:35 Uhr: Auf den Linien 6 7 8 9 10 12 und 19 ist infolge einer Kundgebung in der Innenstadt mit Verspaetungen und unregelmaessigem Betrieb zu rechnen. Dauer: unbestimmt.,07.03.15 14:36,07.03.15 15:15,Längasse - Zentrum Paul Klee
Kundgebung_oder_Veranstaltung,219,Samstag,40,low,2015,3,07.03.15,12,Kundgebung oder Veranstaltung,Geplante Stoerung,07.03.2015 14:35 Uhr: Auf den Linien 6 7 8 9 10 12 und 19 ist infolge einer Kundgebung in der Innenstadt mit Verspaetungen und unregelmaessigem Betrieb zu rechnen. Dauer: unbestimmt.,07.03.15 14:36,07.03.15 15:15,Längasse - Zentrum Paul Klee
Kundgebung_oder_Veranstaltung,220,Samstag,30,verylow,2015,3,07.03.15,10,Kundgebung oder Veranstaltung,Geplante Stoerung,07.03.2015 14:57 Uhr: Auf der Linie 10 ist infolge einer Kundgebung die Strecke zwischen Bern Bahnhof und Viktoriaplatz via Bollwerk umgeleitet. Die Haltestellen Bundesplatz und Zytglogge werden nicht bedient. Dauer: unbestimmt.,07.03.15 14:59,07.03.15 15:29,Köniz Schliern - Ostermundigen Rüti
Kundgebung_oder_Veranstaltung,221,Samstag,136,medium,2015,3,07.03.15,19,Kundgebung oder Veranstaltung,Stoerung,Auf der Linie 19 ist infolge einer Kundgebung mit unregelmaessigem Betrieb zu rechnen. Dauer: bis 07.03.2015 ca. 18:00 Uhr.,07.03.15 13:00,07.03.15 15:16,Blinzern - Elfenau
Kundgebung_oder_Veranstaltung,222,Samstag,73,low,2015,3,07.03.15,6,Kundgebung oder Veranstaltung,Geplante Stoerung,07.03.2015 14:36 Uhr: Auf den Linien 6 7 8 9 10 und 12 ist infolge einer Kundgebung mit Verspaetungen und unregelmaessigem Betrieb zu rechnen. Dauer: unbestimmt.,07.03.15 14:36,07.03.15 15:48,Fischermätteli - Worb Dorf
Kundgebung_oder_Veranstaltung,223,Samstag,73,low,2015,3,07.03.15,7,Kundgebung oder Veranstaltung,Geplante Stoerung,07.03.2015 14:36 Uhr: Auf den Linien 6 7 8 9 10 und 12 ist infolge einer Kundgebung mit Verspaetungen und unregelmaessigem Betrieb zu rechnen. Dauer: unbestimmt.,07.03.15 14:36,07.03.15 15:48,Bümpliz - Ostring
Kundgebung_oder_Veranstaltung,224,Samstag,73,low,2015,3,07.03.15,8,Kundgebung oder Veranstaltung,Geplante Stoerung,07.03.2015 14:36 Uhr: Auf den Linien 6 7 8 9 10 und 12 ist infolge einer Kundgebung mit Verspaetungen und unregelmaessigem Betrieb zu rechnen. Dauer: unbestimmt.,07.03.15 14:36,07.03.15 15:48,Brünnen Westside Bahnhof - Saali
Kundgebung_oder_Veranstaltung,225,Samstag,73,low,2015,3,07.03.15,9,Kundgebung oder Veranstaltung,Geplante Stoerung,07.03.2015 14:36 Uhr: Auf den Linien 6 7 8 9 10 und 12 ist infolge einer Kundgebung mit Verspaetungen und unregelmaessigem Betrieb zu rechnen. Dauer: unbestimmt.,07.03.15 14:36,07.03.15 15:48,Wabern - Wankdorf Bahnhof
Kundgebung_oder_Veranstaltung,226,Samstag,73,low,2015,3,07.03.15,12,Kundgebung oder Veranstaltung,Geplante Stoerung,07.03.2015 14:36 Uhr: Auf den Linien 6 7 8 9 10 und 12 ist infolge einer Kundgebung mit Verspaetungen und unregelmaessigem Betrieb zu rechnen. Dauer: unbestimmt.,07.03.15 14:36,07.03.15 15:48,Längasse - Zentrum Paul Klee
Kundgebung_oder_Veranstaltung,227,Samstag,73,low,2015,3,07.03.15,12,Kundgebung oder Veranstaltung,Geplante Stoerung,07.03.2015 14:36 Uhr: Auf den Linien 6 7 8 9 10 und 12 ist infolge einer Kundgebung mit Verspaetungen und unregelmaessigem Betrieb zu rechnen. Dauer: unbestimmt.,07.03.15 14:36,07.03.15 15:48,Längasse - Zentrum Paul Klee
Kundgebung_oder_Veranstaltung,228,Samstag,73,low,2015,3,07.03.15,10,Kundgebung oder Veranstaltung,Geplante Stoerung,07.03.2015 14:36 Uhr: Auf den Linien 6 7 8 9 10 und 12 ist infolge einer Kundgebung mit Verspaetungen und unregelmaessigem Betrieb zu rechnen. Dauer: unbestimmt.,07.03.15 14:36,07.03.15 15:48,Köniz Schliern - Ostermundigen Rüti
Kundgebung_oder_Veranstaltung,229,Samstag,97,low,2015,3,07.03.15,19,Kundgebung oder Veranstaltung,Stoerung,Die Linie 19 wird infolge einer Veranstaltung auf dem Bundesplatz durch die Spital-/Marktgasse umgeleitet. Dauer: bis 07.03.2015 ca. 18:00 Uhr.,07.03.15 15:18,07.03.15 16:55,Blinzern - Elfenau
Kundgebung_oder_Veranstaltung,230,Samstag,85,low,2015,3,07.03.15,10,Kundgebung oder Veranstaltung,Stoerung,Die Linie 10 wird infolge einer Veranstaltung auf dem Bundesplatz durch die Spital-/Marktgasse umgeleitet. Dauer bis ca. 18:00 Uhr.,07.03.15 15:30,07.03.15 16:55,Köniz Schliern - Ostermundigen Rüti
Kundgebung_oder_Veranstaltung,231,Samstag,79,low,2015,3,07.03.15,10,Kundgebung oder Veranstaltung,Geplante Stoerung,07.03.2015 14:36 Uhr: Auf der Linie 10 ist infolge einer Kundgebung mit Verspaetungen und unregelmaessigem Betrieb zu rechnen. Dauer: unbestimmt.,07.03.15 14:36,07.03.15 15:55,Köniz Schliern - Ostermundigen Rüti
Verspaetungen_Allgemein,232,Montag,16,verylow,2015,3,09.03.15,10,Verspaetungen Allgemein,Stoerung,Auf der Linie 10 ist infolge einer Verkehrsbehinderung zwischen Bern Bahnhof und Ostermundigen mit Verspaetungen von bis zu 6 Minuten zu rechnen.,09.03.15 08:26,09.03.15 08:42,Köniz Schliern - Ostermundigen Rüti
Fahrzeugpanne,233,Dienstag,48,low,2015,3,10.03.15,8,Fahrzeugpanne,Geplante Stoerung,10.03.2015 08:35 Uhr: Auf der Linie 8 ist infolge einer Fahrzeugpanne mit unregelmaessigem Betrieb zu rechnen. Dauer: ca. 1h.,10.03.15 08:35,10.03.15 09:22,Brünnen Westside Bahnhof - Saali
Verkehrsunfall,234,Freitag,15,verylow,2015,3,13.03.15,6,Verkehrsunfall,Geplante Stoerung,13.03.2015 14:04 Uhr: Auf der Linie 6 ist infolge eines Verkehrsunfalls mit Verspaetungen und unregelmaessigem Betrieb zu rechnen. Dauer: unbestimmt.,13.03.15 14:04,13.03.15 14:18,Fischermätteli - Worb Dorf
Verkehrsunfall,235,Freitag,70,low,2015,3,13.03.15,6,Verkehrsunfall,Geplante Stoerung,13.03.2015 14:12 Uhr: Auf der Linie 6 ist infolge eines Verkehrsunfalls zwischen Brunnadernstrasse und Worb mit Verspaetungen und Kursausfaellen zu rechnen. Es faehrt ein Busersatz zwischen Brunnadernstrasse und Melchenbuehl. Dauer: unbestimmt.,13.03.15 14:17,13.03.15 15:27,Fischermätteli - Worb Dorf
Verspaetungen_Allgemein,236,Freitag,139,medium,2015,3,13.03.15,6,Verspaetungen Allgemein,Stoerung,Auf der Linie 6 ist die Strecke wieder durchgehend befahrbar. Es muss aber noch mit Verspaetungen und Kursausfaellen gerechnet werden. Dauer: bis 13.03.2015 ca. 17:30 Uhr.,13.03.15 15:29,13.03.15 17:47,Fischermätteli - Worb Dorf
Verkehrsueberlastung,237,Dienstag,59,low,2015,3,17.03.15,10,Verkehrsueberlastung,Stoerung,Auf der Linie 10 ist infolge Verkehrueberlastung mit unregelmaessigem Betrieb zu rechnen.,17.03.15 07:58,17.03.15 08:57,Köniz Schliern - Ostermundigen Rüti
Kundgebung_oder_Veranstaltung,238,Sonntag,310,medium,2015,3,22.03.15,9,Kundgebung oder Veranstaltung,Stoerung,Auf der Linie 9 ist infolge einer Veranstaltung die Strecke zwischen Guisanplatz Expo und Wankdorf Bahnhof nicht bedient. Dauer: bis 22.03.2015 19:10 Uhr.,22.03.15 14:00,22.03.15 19:10,Wabern - Wankdorf Bahnhof
Kundgebung_oder_Veranstaltung,239,Sonntag,1106,high,2015,3,22.03.15,9,Kundgebung oder Veranstaltung,Stoerung,Die Linie 9 faehrt ab 14:00 Uhr infolge einer Veranstaltung bis/ab Guisanplatz. Die Strecke Guisanplatz-Wankdorf wird bis 19:10 Uhr nicht bedient.,22.03.15 12:00,23.03.15 06:25,Wabern - Wankdorf Bahnhof
Kundgebung_oder_Veranstaltung,240,Sonntag,430,medium,2015,3,22.03.15,20,Kundgebung oder Veranstaltung,Stoerung,Die Linie 20 faehrt ab 13:55 Uhr bis 19:15 Uhr infolge einer Veranstaltung bis/ab Wyler. Wankdorf/Bahnhof wird bis 19:15 Uhr nicht bedient.,22.03.15 12:00,22.03.15 19:10,Bern Bahnhof - Wankdorf Bahnhof
Kundgebung_oder_Veranstaltung,241,Sonntag,430,medium,2015,3,22.03.15,20,Kundgebung oder Veranstaltung,Stoerung,Die Linie 20 faehrt ab 13:55 Uhr bis 19:15 Uhr infolge einer Veranstaltung bis/ab Wyler. Wankdorf/Bahnhof wird bis 19:15 Uhr nicht bedient.,22.03.15 12:00,22.03.15 19:10,Bern Bahnhof - Wankdorf Bahnhof
Verspaetungen_Allgemein,242,Montag,41,low,2015,3,23.03.15,10,Verspaetungen Allgemein,Stoerung,Auf den Linien 10 17 und 29 ist infolge einer Signalstoerung mit Verspaetungen zu rechnen.,23.03.15 14:34,23.03.15 15:15,Köniz Schliern - Ostermundigen Rüti
Verspaetungen_Allgemein,243,Montag,41,low,2015,3,23.03.15,17,Verspaetungen Allgemein,Stoerung,Auf den Linien 10 17 und 29 ist infolge einer Signalstoerung mit Verspaetungen zu rechnen.,23.03.15 14:34,23.03.15 15:15,Bern Bahnhof - Köniz Weiermatt
Fahrzeugpanne,244,Mittwoch,32,low,2015,3,25.03.15,19,Fahrzeugpanne,Stoerung,Auf der Linie 19 faellt infolge einer Fahrzeugpanne der Kurs um 21:22 Uhr ab Blinzern Richtung Elfenau aus. Die naechste Abfahrt erfolgt um 21:37 Uhr.  ,25.03.15 21:31,25.03.15 22:03,Blinzern - Elfenau
Fahrzeugpanne,245,Donnerstag,48,low,2015,3,26.03.15,9,Fahrzeugpanne,Stoerung,Auf der Linie 9 ist infolge einer Fahrzeugpanne mit unregelmaessigem Betrieb zu rechnen.,26.03.15 15:04,26.03.15 15:52,Wabern - Wankdorf Bahnhof
Unregelmaessiger_Betrieb_und_Umleitungen,246,Donnerstag,174,medium,2015,3,26.03.15,3,Unregelmaessiger Betrieb und Umleitungen,Stoerung,Der Trambetrieb kann wieder durchgehend befahren werden es muss noch mit unregelmaessigem Betrieb gerechnet werden.,26.03.15 18:10,26.03.15 21:03,Bern Bahnhof - Weissenbühl
Unregelmaessiger_Betrieb_und_Umleitungen,247,Donnerstag,174,medium,2015,3,26.03.15,6,Unregelmaessiger Betrieb und Umleitungen,Stoerung,Der Trambetrieb kann wieder durchgehend befahren werden es muss noch mit unregelmaessigem Betrieb gerechnet werden.,26.03.15 18:10,26.03.15 21:03,Fischermätteli - Worb Dorf
Unregelmaessiger_Betrieb_und_Umleitungen,248,Donnerstag,174,medium,2015,3,26.03.15,7,Unregelmaessiger Betrieb und Umleitungen,Stoerung,Der Trambetrieb kann wieder durchgehend befahren werden es muss noch mit unregelmaessigem Betrieb gerechnet werden.,26.03.15 18:10,26.03.15 21:03,Bümpliz - Ostring
Unregelmaessiger_Betrieb_und_Umleitungen,249,Donnerstag,174,medium,2015,3,26.03.15,8,Unregelmaessiger Betrieb und Umleitungen,Stoerung,Der Trambetrieb kann wieder durchgehend befahren werden es muss noch mit unregelmaessigem Betrieb gerechnet werden.,26.03.15 18:10,26.03.15 21:03,Brünnen Westside Bahnhof - Saali
Unregelmaessiger_Betrieb_und_Umleitungen,250,Donnerstag,174,medium,2015,3,26.03.15,9,Unregelmaessiger Betrieb und Umleitungen,Stoerung,Der Trambetrieb kann wieder durchgehend befahren werden es muss noch mit unregelmaessigem Betrieb gerechnet werden.,26.03.15 18:10,26.03.15 21:03,Wabern - Wankdorf Bahnhof
Kundgebung_oder_Veranstaltung,251,Donnerstag,86,low,2015,3,26.03.15,11,Kundgebung oder Veranstaltung,Stoerung,Auf den Linien 11 und 12 ist infolge einer Kundgebung mit grossen Behinderungen zu rechnen.,26.03.15 19:04,26.03.15 20:30,Holligen - Neufeld P+R
Kundgebung_oder_Veranstaltung,252,Donnerstag,86,low,2015,3,26.03.15,12,Kundgebung oder Veranstaltung,Stoerung,Auf den Linien 11 und 12 ist infolge einer Kundgebung mit grossen Behinderungen zu rechnen.,26.03.15 19:04,26.03.15 20:30,Längasse - Zentrum Paul Klee
Kundgebung_oder_Veranstaltung,253,Donnerstag,86,low,2015,3,26.03.15,11,Kundgebung oder Veranstaltung,Stoerung,Auf den Linien 11 und 12 ist infolge einer Kundgebung mit grossen Behinderungen zu rechnen.,26.03.15 19:04,26.03.15 20:30,Holligen - Neufeld P+R
Kundgebung_oder_Veranstaltung,254,Donnerstag,86,low,2015,3,26.03.15,12,Kundgebung oder Veranstaltung,Stoerung,Auf den Linien 11 und 12 ist infolge einer Kundgebung mit grossen Behinderungen zu rechnen.,26.03.15 19:04,26.03.15 20:30,Längasse - Zentrum Paul Klee
Unregelmaessiger_Betrieb_und_Umleitungen,255,Donnerstag,83,low,2015,3,26.03.15,10,Unregelmaessiger Betrieb und Umleitungen,Stoerung,Die Linie 10 faehrt wieder auf ihrer gewohnten Rute es muss noch mit unregelmaessigen Betrieb gerechnet werden.,26.03.15 19:07,26.03.15 20:30,Köniz Schliern - Ostermundigen Rüti
Unregelmaessiger_Betrieb_und_Umleitungen,256,Donnerstag,82,low,2015,3,26.03.15,19,Unregelmaessiger Betrieb und Umleitungen,Stoerung,Die Linie 19 kann wieder auf ihrer gewohnten Rute gefahren werden. Es muss noch mit unregelmaessigen Betrieb gerechnet werden.,26.03.15 19:09,26.03.15 20:30,Blinzern - Elfenau
Kundgebung_oder_Veranstaltung,257,Donnerstag,45,low,2015,3,26.03.15,17,Kundgebung oder Veranstaltung,Stoerung,Infolge einer Kundgebung wird die Linie 17 beim Kocherpark gewendet. Sie faehrt als Ersatzbetrieb der Linie 6 via Pestalozzi Fischermaetteli von und nach Koeniz.,26.03.15 19:11,26.03.15 19:55,Bern Bahnhof - Köniz Weiermatt
Sonstige_Stoerungen,258,Donnerstag,29,verylow,2015,3,26.03.15,11,Sonstige Stoerungen,Stoerung,Die Linie 11 und 12 fahren zwischen Gueterbahnhof und Laenggasse. Abfahrtsort Richtung Zentrum Paul Klee beim Bahnhof Perron I. Abfahrtsort Richtung Neufeld Bahnhof Perron G.,26.03.15 19:28,26.03.15 19:57,Holligen - Neufeld P+R
Sonstige_Stoerungen,259,Donnerstag,29,verylow,2015,3,26.03.15,12,Sonstige Stoerungen,Stoerung,Die Linie 11 und 12 fahren zwischen Gueterbahnhof und Laenggasse. Abfahrtsort Richtung Zentrum Paul Klee beim Bahnhof Perron I. Abfahrtsort Richtung Neufeld Bahnhof Perron G.,26.03.15 19:28,26.03.15 19:57,Längasse - Zentrum Paul Klee
Sonstige_Stoerungen,260,Donnerstag,29,verylow,2015,3,26.03.15,11,Sonstige Stoerungen,Stoerung,Die Linie 11 und 12 fahren zwischen Gueterbahnhof und Laenggasse. Abfahrtsort Richtung Zentrum Paul Klee beim Bahnhof Perron I. Abfahrtsort Richtung Neufeld Bahnhof Perron G.,26.03.15 19:28,26.03.15 19:57,Holligen - Neufeld P+R
Sonstige_Stoerungen,261,Donnerstag,29,verylow,2015,3,26.03.15,12,Sonstige Stoerungen,Stoerung,Die Linie 11 und 12 fahren zwischen Gueterbahnhof und Laenggasse. Abfahrtsort Richtung Zentrum Paul Klee beim Bahnhof Perron I. Abfahrtsort Richtung Neufeld Bahnhof Perron G.,26.03.15 19:28,26.03.15 19:57,Längasse - Zentrum Paul Klee
Fahrzeugpanne,262,Freitag,35,low,2015,3,27.03.15,3,Fahrzeugpanne,Stoerung,Auf den Linien 3 6 7 8 und 9 ist infolge einer Fahrzeugpanne mit unregelmaessigem Betrieb zu rechnen.,27.03.15 07:55,27.03.15 08:30,Bern Bahnhof - Weissenbühl
Fahrzeugpanne,263,Freitag,35,low,2015,3,27.03.15,6,Fahrzeugpanne,Stoerung,Auf den Linien 3 6 7 8 und 9 ist infolge einer Fahrzeugpanne mit unregelmaessigem Betrieb zu rechnen.,27.03.15 07:55,27.03.15 08:30,Fischermätteli - Worb Dorf
Fahrzeugpanne,264,Freitag,35,low,2015,3,27.03.15,7,Fahrzeugpanne,Stoerung,Auf den Linien 3 6 7 8 und 9 ist infolge einer Fahrzeugpanne mit unregelmaessigem Betrieb zu rechnen.,27.03.15 07:55,27.03.15 08:30,Bümpliz - Ostring
Fahrzeugpanne,265,Freitag,35,low,2015,3,27.03.15,8,Fahrzeugpanne,Stoerung,Auf den Linien 3 6 7 8 und 9 ist infolge einer Fahrzeugpanne mit unregelmaessigem Betrieb zu rechnen.,27.03.15 07:55,27.03.15 08:30,Brünnen Westside Bahnhof - Saali
Fahrzeugpanne,266,Freitag,35,low,2015,3,27.03.15,9,Fahrzeugpanne,Stoerung,Auf den Linien 3 6 7 8 und 9 ist infolge einer Fahrzeugpanne mit unregelmaessigem Betrieb zu rechnen.,27.03.15 07:55,27.03.15 08:30,Wabern - Wankdorf Bahnhof
Polizei_Feuerwehr_Sanitaet,267,Sonntag,22,verylow,2015,3,29.03.15,9,Polizei und Rettung,Stoerung,Auf der Linie 9 faellt infolge eines Rettungseinsatzes der Kurs um 21:05 Uhr ab Wankdorf Bahnhof Richtung Wabern aus. Die naechste Abfahrt erfolgt um 21:20 Uhr.  ,29.03.15 22:05,29.03.15 22:26,Wabern - Wankdorf Bahnhof
Polizei_Feuerwehr_Sanitaet,268,Sonntag,1,verylow,2015,3,29.03.15,9,Polizei und Rettung,Stoerung,Auf der Linie 9 faellt infolge eines Rettungseinsatzes der Kurs um 21:40 Uhr ab Wabern Richtung Bern Bahnhof aus. Die naechste Abfahrt erfolgt um 21:55 Uhr.  ,29.03.15 22:26,29.03.15 22:26,Wabern - Wankdorf Bahnhof
Polizei_Feuerwehr_Sanitaet,269,Montag,42,low,2015,3,30.03.15,7,Polizei und Rettung,Stoerung,Auf den Linien 6 7 und 8 ist infolge eines Feuerwehreinsatzes an der Haltestelle Kaufmaennischer Verband stadteinwaerts mit Verspaetungen zu rechnen.,30.03.15 14:31,30.03.15 15:13,Bümpliz - Ostring
Polizei_Feuerwehr_Sanitaet,270,Montag,42,low,2015,3,30.03.15,8,Polizei und Rettung,Stoerung,Auf den Linien 6 7 und 8 ist infolge eines Feuerwehreinsatzes an der Haltestelle Kaufmaennischer Verband stadteinwaerts mit Verspaetungen zu rechnen.,30.03.15 14:31,30.03.15 15:13,Brünnen Westside Bahnhof - Saali
Polizei_Feuerwehr_Sanitaet,271,Montag,42,low,2015,3,30.03.15,6,Polizei und Rettung,Stoerung,Auf den Linien 6 7 und 8 ist infolge eines Feuerwehreinsatzes an der Haltestelle Kaufmaennischer Verband stadteinwaerts mit Verspaetungen zu rechnen.,30.03.15 14:31,30.03.15 15:13,Fischermätteli - Worb Dorf
Polizei_Feuerwehr_Sanitaet,272,Montag,57,low,2015,3,30.03.15,6,Polizei und Rettung,Geplante Stoerung,30.03.2015 14:31 Uhr: Auf der Linie 6 ist infolge eines Feuerwehreinsatzes mit Verspaetungen zu rechnen. Dauer: unbestimmt.,30.03.15 14:31,30.03.15 15:27,Fischermätteli - Worb Dorf
Verkehrsueberlastung,273,Dienstag,48,low,2015,3,31.03.15,10,Verkehrsueberlastung,Geplante Stoerung,31.03.2015 17:45 Uhr: Auf der Linie 10 ist infolge Verkehrueberlastung mit Verspaetungen und unregelmaessigem Betrieb zu rechnen. Dauer: unbestimmt.,31.03.15 17:45,31.03.15 18:33,Köniz Schliern - Ostermundigen Rüti
Bauarbeiten,274,Montag,231,medium,2015,4,13.04.15,10,Bauarbeiten,Stoerung,Wegen Bauarbeiten sind die Linien 10 und 19 jeweils ab 22:00 Uhr bis Betriebsschluss umgeleitet. Die Linien 10 und 19 werden Montag bis Freitag infolge einer Baustelle in der Amthausgasse stadteinwaerts durch die Markt-/Spitalgasse umgeleitet. Dauer bis voraussichtlich Dienstag 21. April 2015.,13.04.15 22:00,18.04.15 00:15,Köniz Schliern - Ostermundigen Rüti
Bauarbeiten,275,Montag,231,medium,2015,4,13.04.15,19,Bauarbeiten,Stoerung,Wegen Bauarbeiten sind die Linien 10 und 19 jeweils ab 22:00 Uhr bis Betriebsschluss umgeleitet. Die Linien 10 und 19 werden Montag bis Freitag infolge einer Baustelle in der Amthausgasse stadteinwaerts durch die Markt-/Spitalgasse umgeleitet. Dauer bis voraussichtlich Dienstag 21. April 2015.,13.04.15 22:00,18.04.15 00:15,Blinzern - Elfenau
Bauarbeiten,276,Dienstag,191,medium,2015,4,07.04.15,10,Bauarbeiten,Stoerung,Infolge Bauarbeiten sind die Linien 10 und 19 jeweils ab 22:00 Uhr bis Betriebsschluss umgeleitet. Die Linien 10 und 19 werden Montag bis Freitag infolge einer Baustelle in der Amthausgasse stadteinwaerts durch die Markt-/Spitalgasse umgeleitet. ( Dauer der Baustelle bis voraussichtlich Freitag  17. April 2015 ).,07.04.15 22:00,10.04.15 23:59,Köniz Schliern - Ostermundigen Rüti
Bauarbeiten,277,Dienstag,191,medium,2015,4,07.04.15,19,Bauarbeiten,Stoerung,Infolge Bauarbeiten sind die Linien 10 und 19 jeweils ab 22:00 Uhr bis Betriebsschluss umgeleitet. Die Linien 10 und 19 werden Montag bis Freitag infolge einer Baustelle in der Amthausgasse stadteinwaerts durch die Markt-/Spitalgasse umgeleitet. ( Dauer der Baustelle bis voraussichtlich Freitag  17. April 2015 ).,07.04.15 22:00,10.04.15 23:59,Blinzern - Elfenau
Fahrzeugpanne,278,Mittwoch,62,low,2015,5,20.05.15,6,Fahrzeugpanne,Geplante Stoerung,20.05.2015 15:20 Uhr: Auf der Linie 6 ist infolge einer Fahrzeugpanne mit Verspaetungen und unregelmaessigem Betrieb zu rechnen. Dauer: ca. 1h.,20.05.15 15:21,20.05.15 16:23,Fischermätteli - Worb Dorf
Verkehrsueberlastung,279,Mittwoch,33,low,2015,5,20.05.15,17,Verkehrsueberlastung,Geplante Stoerung,20.05.2015 17:45 Uhr: Auf der Linie 17 ist infolge Verkehrueberlastung mit Verspaetungen zu rechnen. Dauer: ca. 1h.,20.05.15 17:45,20.05.15 18:17,Bern Bahnhof - Köniz Weiermatt
Kundgebung_oder_Veranstaltung,280,Donnerstag,375,medium,2015,5,21.05.15,9,Kundgebung oder Veranstaltung,Stoerung,Auf der Linie 9 ist infolge einer Veranstaltung die Strecke zwischen Guisanplatz Expo und Wankdorf Bahnhof nicht bedient. Dauer: bis 21.05.2015 ca. 23:00 Uhr.,21.05.15 16:45,21.05.15 23:00,Wabern - Wankdorf Bahnhof
Bauarbeiten,281,Freitag,195,medium,2015,5,22.05.15,10,Bauarbeiten,Stoerung,Die Linien 10 und 19 sind infolge einer Baustelle in der Amthausgasse stadteinwaerts durch die Markt-/Spitalgasse umgeleitet. Dauer: bis 22.05.2015 ca. 21:00 Uhr.,22.05.15 17:45,22.05.15 21:00,Köniz Schliern - Ostermundigen Rüti
Bauarbeiten,282,Freitag,195,medium,2015,5,22.05.15,19,Bauarbeiten,Stoerung,Die Linien 10 und 19 sind infolge einer Baustelle in der Amthausgasse stadteinwaerts durch die Markt-/Spitalgasse umgeleitet. Dauer: bis 22.05.2015 ca. 21:00 Uhr.,22.05.15 17:45,22.05.15 21:00,Blinzern - Elfenau
Kundgebung_oder_Veranstaltung,283,Samstag,60,low,2015,5,23.05.15,12,Kundgebung oder Veranstaltung,Geplante Stoerung,23.05.2015 14:15 Uhr: Auf der Linie 12 ist infolge einer Kundgebung mit Verspaetungen und unregelmaessigem Betrieb zu rechnen.,23.05.15 14:15,23.05.15 15:15,Längasse - Zentrum Paul Klee
Kundgebung_oder_Veranstaltung,284,Samstag,60,low,2015,5,23.05.15,12,Kundgebung oder Veranstaltung,Geplante Stoerung,23.05.2015 14:15 Uhr: Auf der Linie 12 ist infolge einer Kundgebung mit Verspaetungen und unregelmaessigem Betrieb zu rechnen.,23.05.15 14:15,23.05.15 15:15,Längasse - Zentrum Paul Klee
Kundgebung_oder_Veranstaltung,285,Samstag,26,verylow,2015,5,23.05.15,12,Kundgebung oder Veranstaltung,Geplante Stoerung,23.05.2015 14:30 Uhr: Auf der Linie 12 ist infolge einer Kundgebung die Strecke zwischen Zytglogge und Nydegg unterbrochen. Dauer: unbestimmt.,23.05.15 14:30,23.05.15 14:56,Längasse - Zentrum Paul Klee
Kundgebung_oder_Veranstaltung,286,Samstag,26,verylow,2015,5,23.05.15,12,Kundgebung oder Veranstaltung,Geplante Stoerung,23.05.2015 14:30 Uhr: Auf der Linie 12 ist infolge einer Kundgebung die Strecke zwischen Zytglogge und Nydegg unterbrochen. Dauer: unbestimmt.,23.05.15 14:30,23.05.15 14:56,Längasse - Zentrum Paul Klee
Sonstige_Stoerungen,287,Samstag,64,low,2015,5,23.05.15,12,Sonstige Stoerungen,Stoerung,Die Linie 12 faehrt wieder nach Fahrplan.,23.05.15 15:30,23.05.15 16:33,Längasse - Zentrum Paul Klee
Sonstige_Stoerungen,288,Samstag,64,low,2015,5,23.05.15,12,Sonstige Stoerungen,Stoerung,Die Linie 12 faehrt wieder nach Fahrplan.,23.05.15 15:30,23.05.15 16:33,Längasse - Zentrum Paul Klee
Kundgebung_oder_Veranstaltung,289,Samstag,43,low,2015,5,23.05.15,11,Kundgebung oder Veranstaltung,Geplante Stoerung,23.05.2015 15:50 Uhr: Auf den Linien 11 20 und 21 ist infolge einer Kundgebung mit Verspaetungen und unregelmaessigem Betrieb zu rechnen. Dauer: ca. 1h.,23.05.15 15:51,23.05.15 16:34,Holligen - Neufeld P+R
Kundgebung_oder_Veranstaltung,290,Samstag,43,low,2015,5,23.05.15,20,Kundgebung oder Veranstaltung,Geplante Stoerung,23.05.2015 15:50 Uhr: Auf den Linien 11 20 und 21 ist infolge einer Kundgebung mit Verspaetungen und unregelmaessigem Betrieb zu rechnen. Dauer: ca. 1h.,23.05.15 15:51,23.05.15 16:34,Bern Bahnhof - Wankdorf Bahnhof
Kundgebung_oder_Veranstaltung,291,Samstag,43,low,2015,5,23.05.15,11,Kundgebung oder Veranstaltung,Geplante Stoerung,23.05.2015 15:50 Uhr: Auf den Linien 11 20 und 21 ist infolge einer Kundgebung mit Verspaetungen und unregelmaessigem Betrieb zu rechnen. Dauer: ca. 1h.,23.05.15 15:51,23.05.15 16:34,Holligen - Neufeld P+R
Kundgebung_oder_Veranstaltung,292,Samstag,43,low,2015,5,23.05.15,20,Kundgebung oder Veranstaltung,Geplante Stoerung,23.05.2015 15:50 Uhr: Auf den Linien 11 20 und 21 ist infolge einer Kundgebung mit Verspaetungen und unregelmaessigem Betrieb zu rechnen. Dauer: ca. 1h.,23.05.15 15:51,23.05.15 16:34,Bern Bahnhof - Wankdorf Bahnhof
Kundgebung_oder_Veranstaltung,293,Samstag,50,low,2015,5,23.05.15,11,Kundgebung oder Veranstaltung,Geplante Stoerung,23.05.2015 15:51 Uhr: Auf den Linien 11 und 20 ist infolge einer Kundgebung mit Verspaetungen und unregelmaessigem Betrieb zu rechnen. Dauer: ca. 1h.,23.05.15 15:51,23.05.15 16:41,Holligen - Neufeld P+R
Kundgebung_oder_Veranstaltung,294,Samstag,50,low,2015,5,23.05.15,11,Kundgebung oder Veranstaltung,Geplante Stoerung,23.05.2015 15:51 Uhr: Auf den Linien 11 und 20 ist infolge einer Kundgebung mit Verspaetungen und unregelmaessigem Betrieb zu rechnen. Dauer: ca. 1h.,23.05.15 15:51,23.05.15 16:41,Holligen - Neufeld P+R
Kundgebung_oder_Veranstaltung,295,Samstag,50,low,2015,5,23.05.15,20,Kundgebung oder Veranstaltung,Geplante Stoerung,23.05.2015 15:51 Uhr: Auf den Linien 11 und 20 ist infolge einer Kundgebung mit Verspaetungen und unregelmaessigem Betrieb zu rechnen. Dauer: ca. 1h.,23.05.15 15:51,23.05.15 16:41,Bern Bahnhof - Wankdorf Bahnhof
Kundgebung_oder_Veranstaltung,296,Samstag,50,low,2015,5,23.05.15,20,Kundgebung oder Veranstaltung,Geplante Stoerung,23.05.2015 15:51 Uhr: Auf den Linien 11 und 20 ist infolge einer Kundgebung mit Verspaetungen und unregelmaessigem Betrieb zu rechnen. Dauer: ca. 1h.,23.05.15 15:51,23.05.15 16:41,Bern Bahnhof - Wankdorf Bahnhof
Kundgebung_oder_Veranstaltung,297,Samstag,58,low,2015,5,23.05.15,20,Kundgebung oder Veranstaltung,Geplante Stoerung,23.05.2015 15:51 Uhr: Auf der Linie 20 ist infolge einer Kundgebung mit Verspaetungen und unregelmaessigem Betrieb zu rechnen. Dauer: ca. 1h.,23.05.15 15:51,23.05.15 16:48,Bern Bahnhof - Wankdorf Bahnhof
Kundgebung_oder_Veranstaltung,298,Samstag,58,low,2015,5,23.05.15,20,Kundgebung oder Veranstaltung,Geplante Stoerung,23.05.2015 15:51 Uhr: Auf der Linie 20 ist infolge einer Kundgebung mit Verspaetungen und unregelmaessigem Betrieb zu rechnen. Dauer: ca. 1h.,23.05.15 15:51,23.05.15 16:48,Bern Bahnhof - Wankdorf Bahnhof
Verkehrsueberlastung,299,Dienstag,103,low,2015,5,26.05.15,6,Verkehrsueberlastung,Stoerung,Auf den Linien 6 7 8 19 und 28 ist infolge Verkehrueberlastung mit unregelmaessigem Betrieb Verspaetungen und Kursausfaellen zu rechnen. Dauer: bis 26.05.2015 ca. 19:30 Uhr.,26.05.15 17:47,26.05.15 19:30,Fischermätteli - Worb Dorf
Verkehrsueberlastung,300,Dienstag,103,low,2015,5,26.05.15,7,Verkehrsueberlastung,Stoerung,Auf den Linien 6 7 8 19 und 28 ist infolge Verkehrueberlastung mit unregelmaessigem Betrieb Verspaetungen und Kursausfaellen zu rechnen. Dauer: bis 26.05.2015 ca. 19:30 Uhr.,26.05.15 17:47,26.05.15 19:30,Bümpliz - Ostring
Verkehrsueberlastung,301,Dienstag,103,low,2015,5,26.05.15,8,Verkehrsueberlastung,Stoerung,Auf den Linien 6 7 8 19 und 28 ist infolge Verkehrueberlastung mit unregelmaessigem Betrieb Verspaetungen und Kursausfaellen zu rechnen. Dauer: bis 26.05.2015 ca. 19:30 Uhr.,26.05.15 17:47,26.05.15 19:30,Brünnen Westside Bahnhof - Saali
Verkehrsueberlastung,302,Dienstag,103,low,2015,5,26.05.15,19,Verkehrsueberlastung,Stoerung,Auf den Linien 6 7 8 19 und 28 ist infolge Verkehrueberlastung mit unregelmaessigem Betrieb Verspaetungen und Kursausfaellen zu rechnen. Dauer: bis 26.05.2015 ca. 19:30 Uhr.,26.05.15 17:47,26.05.15 19:30,Blinzern - Elfenau
Verkehrsueberlastung,303,Mittwoch,51,low,2015,5,27.05.15,10,Verkehrsueberlastung,Stoerung,Auf der Linie 10 ist infolge Verkehrueberlastung mit unregelmaessigem Betrieb zu rechnen.,27.05.15 17:53,27.05.15 18:44,Köniz Schliern - Ostermundigen Rüti
Ersatzfahrten_und_Kursausfaelle,304,Donnerstag,612,medium,2015,5,28.05.15,7,Ersatzfahrten und Kursausfaelle,Geplante Stoerung,28.05.2015 08:23 Uhr: Auf der Linie 7 fahren auf der Strecke Europaplatz-Buempliz-Europaplatz Tramersatzbusse. Die Trams fahren als Linie 8 nach Holenacker. Dauer: bis ca. Freitag 5. Juni 2015,28.05.15 08:23,02.06.15 16:35,Bümpliz - Ostring
Verkehrsunfall,305,Freitag,113,low,2015,5,29.05.15,9,Verkehrsunfall,Geplante Stoerung,29.05.2015 16:10 Uhr: Auf der Linie 9 ist infolge eines Verkehrsunfalls mit Verspaetungen und unregelmaessigem Betrieb zu rechnen. Dauer: ca. 2h.,29.05.15 16:10,29.05.15 18:03,Wabern - Wankdorf Bahnhof
Verkehrsunfall,306,Freitag,113,low,2015,5,29.05.15,9,Verkehrsunfall,Geplante Stoerung,29.05.2015 16:10 Uhr: Auf der Linie 9 ist infolge eines Verkehrsunfalls mit Verspaetungen und unregelmaessigem Betrieb zu rechnen. Dauer: ca. 2h.,29.05.15 16:10,29.05.15 18:03,Wabern - Wankdorf Bahnhof
Verkehrsunfall,307,Freitag,10,verylow,2015,5,29.05.15,9,Verkehrsunfall,Geplante Stoerung,29.05.2015 16:21 Uhr: Auf der Linie 9 ist infolge eines Verkehrsunfalls die Strecke zwischen Bern Bahnhof - Wabern - Bern Bahnhof unterbrochen. Dauer: unbestimmt.,29.05.15 16:23,29.05.15 16:32,Wabern - Wankdorf Bahnhof
Verkehrsunfall,308,Freitag,10,verylow,2015,5,29.05.15,9,Verkehrsunfall,Geplante Stoerung,29.05.2015 16:21 Uhr: Auf der Linie 9 ist infolge eines Verkehrsunfalls die Strecke zwischen Bern Bahnhof - Wabern - Bern Bahnhof unterbrochen. Dauer: unbestimmt.,29.05.15 16:23,29.05.15 16:32,Wabern - Wankdorf Bahnhof
Verkehrsunfall,309,Freitag,64,low,2015,5,29.05.15,9,Verkehrsunfall,Geplante Stoerung,29.05.2015 16:33 Uhr: Auf der Linie 9 ist infolge eines Verkehrsunfalls die Strecke zwischen Bern Bahnhof und Wabern via Weissenbuehl umgeleitet. Die Haltestellen: Monbijou Sulgenau und Wander werden nicht bedient.,29.05.15 16:35,29.05.15 17:38,Wabern - Wankdorf Bahnhof
Verkehrsunfall,310,Freitag,64,low,2015,5,29.05.15,9,Verkehrsunfall,Geplante Stoerung,29.05.2015 16:33 Uhr: Auf der Linie 9 ist infolge eines Verkehrsunfalls die Strecke zwischen Bern Bahnhof und Wabern via Weissenbuehl umgeleitet. Die Haltestellen: Monbijou Sulgenau und Wander werden nicht bedient.,29.05.15 16:35,29.05.15 17:38,Wabern - Wankdorf Bahnhof
Kundgebung_oder_Veranstaltung,311,Freitag,320,medium,2015,5,29.05.15,9,Kundgebung oder Veranstaltung,Stoerung,Auf der Linie 9 ist infolge einer Veranstaltung die Strecke zwischen Guisanplatz Expo und Wankdorf Bahnhof nicht bedient. Dauer: bis 29.05.2015 ca. 23:50 Uhr.,29.05.15 18:30,29.05.15 23:50,Wabern - Wankdorf Bahnhof
Verkehrsueberlastung,312,Montag,109,low,2015,6,01.06.15,19,Verkehrsueberlastung,Geplante Stoerung,01.06.2015 17:05 Uhr: Auf der Linie 19 ist infolge Verkehrueberlastung mit Verspaetungen und unregelmaessigem Betrieb zu rechnen. Dauer: unbestimmt.,01.06.15 17:06,01.06.15 18:54,Blinzern - Elfenau
Verkehrsueberlastung,313,Montag,58,low,2015,6,01.06.15,10,Verkehrsueberlastung,Geplante Stoerung,01.06.2015 17:52 Uhr: Auf der Linie 10 ist infolge Verkehrueberlastung mit Verspaetungen und unregelmaessigem Betrieb zu rechnen. Dauer: unbestimmt.,01.06.15 17:55,01.06.15 18:53,Köniz Schliern - Ostermundigen Rüti
Ersatzfahrten_und_Kursausfaelle,314,Dienstag,766,high,2015,6,02.06.15,7,Ersatzfahrten und Kursausfaelle,Geplante Stoerung,28.05.2015 08:23 Uhr: Auf der Linie 7 fahren auf der Strecke Europaplatz-Buempliz-Europaplatz Tramersatzbusse. Die Trams fahren als Linie 8 nach Holenacker. Dauer: bis Mittwoch Abend Betriebsschluss,02.06.15 16:38,04.06.15 05:00,Bümpliz - Ostring
Sonstige_Stoerungen,315,Donnerstag,692,medium,2015,6,04.06.15,7,Sonstige Stoerungen,Stoerung,Die Linie 7 faehrt wieder im Normalbetrieb durchgehend nach Buempliz.,04.06.15 06:32,04.06.15 18:03,Bümpliz - Ostring
Fahrzeugpanne,316,Donnerstag,59,low,2015,6,04.06.15,6,Fahrzeugpanne,Geplante Stoerung,04.06.2015 08:22 Uhr: Auf den Linien 6 7 und 8 ist infolge einer Fahrzeugpanne mit unregelmaessigem Betrieb zu rechnen. Dauer: unbestimmt.,04.06.15 08:22,04.06.15 09:21,Fischermätteli - Worb Dorf
Fahrzeugpanne,317,Donnerstag,59,low,2015,6,04.06.15,7,Fahrzeugpanne,Geplante Stoerung,04.06.2015 08:22 Uhr: Auf den Linien 6 7 und 8 ist infolge einer Fahrzeugpanne mit unregelmaessigem Betrieb zu rechnen. Dauer: unbestimmt.,04.06.15 08:22,04.06.15 09:21,Bümpliz - Ostring
Fahrzeugpanne,318,Donnerstag,59,low,2015,6,04.06.15,8,Fahrzeugpanne,Geplante Stoerung,04.06.2015 08:22 Uhr: Auf den Linien 6 7 und 8 ist infolge einer Fahrzeugpanne mit unregelmaessigem Betrieb zu rechnen. Dauer: unbestimmt.,04.06.15 08:22,04.06.15 09:21,Brünnen Westside Bahnhof - Saali
Sonstige_Stoerungen,319,Donnerstag,422,medium,2015,6,04.06.15,7,Sonstige Stoerungen,Stoerung,Die Linie 7 faehrt wieder im Normalbetrieb durchgehend bis Buempliz.,04.06.15 12:18,13.06.15 15:43,Bümpliz - Ostring
Verkehrsueberlastung,320,Donnerstag,119,low,2015,6,04.06.15,160,Verkehrsueberlastung,Geplante Stoerung,04.06.2015 17:15 Uhr: Auf der Linie 160 ist infolge Verkehrueberlastung mit Verspaetungen und unregelmaessigem Betrieb zu rechnen. Dauer: ca. 2h.,04.06.15 17:15,04.06.15 19:13,Konolfingen - Belp
Verkehrsueberlastung,321,Freitag,65,low,2015,6,05.06.15,160,Verkehrsueberlastung,Geplante Stoerung,05.06.2015 17:32 Uhr: Auf der Linie 160 ist infolge Verkehrueberlastung mit unregelmaessigem Betrieb zu rechnen. Dauer: ca. 1h.,05.06.15 17:32,05.06.15 18:36,Konolfingen - Belp
Fahrzeugpanne,322,Montag,44,low,2015,6,08.06.15,6,Fahrzeugpanne,Stoerung,Infolge Fahrzeugpanne im Kocherpark wenden die Trams von den Endstationen Worb Saali und Ostring beim Bahnhof Bern. Zur Zeit kein Ersatzbetrieb Richtung Bruennen Buempliz und Fischermaetteli moeglich. Ab Fischermaetteli bitte Linie 17 benuetzen.,08.06.15 15:16,08.06.15 16:00,Fischermätteli - Worb Dorf
Fahrzeugpanne,323,Montag,44,low,2015,6,08.06.15,7,Fahrzeugpanne,Stoerung,Infolge Fahrzeugpanne im Kocherpark wenden die Trams von den Endstationen Worb Saali und Ostring beim Bahnhof Bern. Zur Zeit kein Ersatzbetrieb Richtung Bruennen Buempliz und Fischermaetteli moeglich. Ab Fischermaetteli bitte Linie 17 benuetzen.,08.06.15 15:16,08.06.15 16:00,Bümpliz - Ostring
Fahrzeugpanne,324,Montag,44,low,2015,6,08.06.15,8,Fahrzeugpanne,Stoerung,Infolge Fahrzeugpanne im Kocherpark wenden die Trams von den Endstationen Worb Saali und Ostring beim Bahnhof Bern. Zur Zeit kein Ersatzbetrieb Richtung Bruennen Buempliz und Fischermaetteli moeglich. Ab Fischermaetteli bitte Linie 17 benuetzen.,08.06.15 15:16,08.06.15 16:00,Brünnen Westside Bahnhof - Saali
Fahrzeugpanne,325,Montag,60,low,2015,6,08.06.15,3,Fahrzeugpanne,Stoerung,Auf der Linie 3 ist infolge einer Fahrzeugpanne der Betrieb eingestellt.,08.06.15 15:17,08.06.15 16:17,Bern Bahnhof - Weissenbühl
Fahrzeugpanne,326,Montag,45,low,2015,6,08.06.15,6,Fahrzeugpanne,Stoerung,Infolge Fahrzeugpanne wenden die Trams aus dem Osten beim Bahnhof Bern. Richtung Westen wird ein Ersatzbetrieb mit Bussen eingerichtet. Linie 6 Richtung Fischermaetteli bitte die Linie 17 benuetzen.,08.06.15 15:44,08.06.15 16:28,Fischermätteli - Worb Dorf
Fahrzeugpanne,327,Montag,45,low,2015,6,08.06.15,7,Fahrzeugpanne,Stoerung,Infolge Fahrzeugpanne wenden die Trams aus dem Osten beim Bahnhof Bern. Richtung Westen wird ein Ersatzbetrieb mit Bussen eingerichtet. Linie 6 Richtung Fischermaetteli bitte die Linie 17 benuetzen.,08.06.15 15:44,08.06.15 16:28,Bümpliz - Ostring
Fahrzeugpanne,328,Montag,45,low,2015,6,08.06.15,8,Fahrzeugpanne,Stoerung,Infolge Fahrzeugpanne wenden die Trams aus dem Osten beim Bahnhof Bern. Richtung Westen wird ein Ersatzbetrieb mit Bussen eingerichtet. Linie 6 Richtung Fischermaetteli bitte die Linie 17 benuetzen.,08.06.15 15:44,08.06.15 16:28,Brünnen Westside Bahnhof - Saali
Fahrzeugpanne,329,Montag,46,low,2015,6,08.06.15,3,Fahrzeugpanne,Stoerung,Infolge Fahrzeugpanne wurde die Linie 3 eingestellt.,08.06.15 15:44,08.06.15 16:29,Bern Bahnhof - Weissenbühl
Betriebsstoerung,330,Dienstag,5,verylow,2015,6,09.06.15,11,Betriebsstoerung,Geplante Stoerung,09.06.2015 08:15 Uhr: Auf der Linie 11 ist infolge einer Betriebsstoerung die Strecke zwischen Bern Bahnhof - Neufeld P+R - Bern Bahnhof unterbrochen. Dauer: ca. 1h.,09.06.15 08:15,09.06.15 08:20,Holligen - Neufeld P+R
Betriebsstoerung,331,Dienstag,5,verylow,2015,6,09.06.15,11,Betriebsstoerung,Geplante Stoerung,09.06.2015 08:15 Uhr: Auf der Linie 11 ist infolge einer Betriebsstoerung die Strecke zwischen Bern Bahnhof - Neufeld P+R - Bern Bahnhof unterbrochen. Dauer: ca. 1h.,09.06.15 08:15,09.06.15 08:20,Holligen - Neufeld P+R
Verkehrsunfall,332,Donnerstag,53,low,2015,6,11.06.15,7,Verkehrsunfall,Geplante Stoerung,11.06.2015 14:52 Uhr: Auf den Linien 7 und 8 ist infolge eines Unfalls die Strecke zwischen Bern Bahnhof und Buempliz Unterfuehrung nicht bedient. Es wird ein Tramersatz aufgeboten. Die Strecke Buempliz -Unterfuehrung und Bruennen Westside- Unterfuehrung wird normal bedient. Dauer: ca. 1h.,11.06.15 14:55,11.06.15 15:47,Bümpliz - Ostring
Verkehrsunfall,333,Donnerstag,53,low,2015,6,11.06.15,8,Verkehrsunfall,Geplante Stoerung,11.06.2015 14:52 Uhr: Auf den Linien 7 und 8 ist infolge eines Unfalls die Strecke zwischen Bern Bahnhof und Buempliz Unterfuehrung nicht bedient. Es wird ein Tramersatz aufgeboten. Die Strecke Buempliz -Unterfuehrung und Bruennen Westside- Unterfuehrung wird normal bedient. Dauer: ca. 1h.,11.06.15 14:55,11.06.15 15:47,Brünnen Westside Bahnhof - Saali
Verkehrsueberlastung,334,Montag,45,low,2015,6,15.06.15,160,Verkehrsueberlastung,Stoerung,Auf der Linie 160 ist infolge Verkehrueberlastung mit unregelmaessigem Betrieb zu rechnen. Dauer: bis 15.06.2015 ca. 08:30 Uhr.,15.06.15 07:15,15.06.15 08:00,Konolfingen - Belp
Verkehrsueberlastung,335,Montag,80,low,2015,6,15.06.15,160,Verkehrsueberlastung,Stoerung,Auf der Linie 160 ist infolge Verkehrueberlastung mit Verspaetungen und unregelmaessigem Betrieb zu rechnen. Dauer: unbestimmt,15.06.15 08:01,15.06.15 09:20,Konolfingen - Belp
Verkehrsueberlastung,336,Montag,107,low,2015,6,15.06.15,20,Verkehrsueberlastung,Geplante Stoerung,15.06.2015 17:00 Uhr: Auf der Linie 20 ist infolge Verkehrueberlastung mit Verspaetungen und unregelmaessigem Betrieb zu rechnen. Dauer: ca. 2h.,15.06.15 17:00,15.06.15 18:46,Bern Bahnhof - Wankdorf Bahnhof
Verkehrsueberlastung,337,Montag,107,low,2015,6,15.06.15,20,Verkehrsueberlastung,Geplante Stoerung,15.06.2015 17:00 Uhr: Auf der Linie 20 ist infolge Verkehrueberlastung mit Verspaetungen und unregelmaessigem Betrieb zu rechnen. Dauer: ca. 2h.,15.06.15 17:00,15.06.15 18:46,Bern Bahnhof - Wankdorf Bahnhof
Verkehrsueberlastung,338,Montag,43,low,2015,6,15.06.15,10,Verkehrsueberlastung,Geplante Stoerung,15.06.2015 18:00 Uhr: Auf der Linie 10 ist infolge Verkehrueberlastung mit Verspaetungen und unregelmaessigem Betrieb zu rechnen. Dauer: ca. 1h.,15.06.15 18:00,15.06.15 18:42,Köniz Schliern - Ostermundigen Rüti
Verkehrsueberlastung,339,Dienstag,60,low,2015,6,16.06.15,10,Verkehrsueberlastung,Stoerung,Auf der Linie 10 ist infolge Verkehrueberlastung mit unregelmaessigem Betrieb zu rechnen. Dauer: bis 16.06.2015 ca. 18:52 Uhr.,16.06.15 17:52,16.06.15 18:52,Köniz Schliern - Ostermundigen Rüti
Verkehrsueberlastung,340,Mittwoch,59,low,2015,6,17.06.15,10,Verkehrsueberlastung,Stoerung,Auf der Linie 10 ist infolge Verkehrueberlastung mit Verspaetungen und unregelmaessigem Betrieb zu rechnen. Dauer: bis 17.06.2015 ca. 18:32 Uhr.,17.06.15 17:33,17.06.15 18:32,Köniz Schliern - Ostermundigen Rüti
Verkehrsueberlastung,341,Mittwoch,38,low,2015,6,17.06.15,10,Verkehrsueberlastung,Stoerung,Auf der Linie 10 ist infolge Verkehrueberlastung mit Verspaetungen und unregelmaessigem Betrieb zu rechnen. Dauer: bis 17.06.2015 ca. 18:32 Uhr.,17.06.15 17:55,17.06.15 18:33,Köniz Schliern - Ostermundigen Rüti
Kundgebung_oder_Veranstaltung,342,Samstag,411,medium,2015,6,20.06.15,9,Kundgebung oder Veranstaltung,Stoerung,Auf der Linie 9 ist am 20.06.2015 von ca. 12:00 bis ca. 20:30 infolge Tour de Suisse mit Umleitungen und unregelmaessigem Betrieb zu rechnen.,20.06.15 12:00,20.06.15 18:50,Wabern - Wankdorf Bahnhof
Verkehrsueberlastung,343,Donnerstag,81,low,2015,6,18.06.15,10,Verkehrsueberlastung,Geplante Stoerung,18.06.2015 17:40 Uhr: Auf der Linie 10 ist infolge Verkehrueberlastung mit Verspaetungen und Kursausfaellen zu rechnen. Dauer: ca. 1h.,18.06.15 17:40,18.06.15 19:00,Köniz Schliern - Ostermundigen Rüti
Kundgebung_oder_Veranstaltung,344,Samstag,390,medium,2015,6,20.06.15,3,Kundgebung oder Veranstaltung,Stoerung,Auf den Linien 3 16 und 17 ist am 20.06.2015 von ca. 12:00 bis ca. 18:30 infolge Tour de Suisse ein Betriebsunterbruch.,20.06.15 12:00,20.06.15 18:30,Bern Bahnhof - Weissenbühl
Kundgebung_oder_Veranstaltung,345,Samstag,390,medium,2015,6,20.06.15,17,Kundgebung oder Veranstaltung,Stoerung,Auf den Linien 3 16 und 17 ist am 20.06.2015 von ca. 12:00 bis ca. 18:30 infolge Tour de Suisse ein Betriebsunterbruch.,20.06.15 12:00,20.06.15 18:30,Bern Bahnhof - Köniz Weiermatt
Kundgebung_oder_Veranstaltung,346,Sonntag,542,medium,2015,6,21.06.15,3,Kundgebung oder Veranstaltung,Stoerung,Auf den Linien 3 und 17 istam 21.06.2015 von ca. 8:30 bis ca. 18:15 infolge Tour de Suisse ein Betriebsunterbruch.,21.06.15 08:30,22.06.15 17:08,Bern Bahnhof - Weissenbühl
Kundgebung_oder_Veranstaltung,347,Sonntag,542,medium,2015,6,21.06.15,17,Kundgebung oder Veranstaltung,Stoerung,Auf den Linien 3 und 17 istam 21.06.2015 von ca. 8:30 bis ca. 18:15 infolge Tour de Suisse ein Betriebsunterbruch.,21.06.15 08:30,22.06.15 17:08,Bern Bahnhof - Köniz Weiermatt
Betriebsstoerung,348,Freitag,41,low,2015,6,19.06.15,6,Betriebsstoerung,Geplante Stoerung,19.06.2015 14:14 Uhr: Auf den Linien 6 7 und 8 ist infolge einer Betriebsstoerung mit unregelmaessigem Betrieb zu rechnen. Dauer: ca. 1h.,19.06.15 14:15,19.06.15 14:55,Fischermätteli - Worb Dorf
Betriebsstoerung,349,Freitag,41,low,2015,6,19.06.15,7,Betriebsstoerung,Geplante Stoerung,19.06.2015 14:14 Uhr: Auf den Linien 6 7 und 8 ist infolge einer Betriebsstoerung mit unregelmaessigem Betrieb zu rechnen. Dauer: ca. 1h.,19.06.15 14:15,19.06.15 14:55,Bümpliz - Ostring
Betriebsstoerung,350,Freitag,41,low,2015,6,19.06.15,8,Betriebsstoerung,Geplante Stoerung,19.06.2015 14:14 Uhr: Auf den Linien 6 7 und 8 ist infolge einer Betriebsstoerung mit unregelmaessigem Betrieb zu rechnen. Dauer: ca. 1h.,19.06.15 14:15,19.06.15 14:55,Brünnen Westside Bahnhof - Saali
Kundgebung_oder_Veranstaltung,351,Samstag,76,low,2015,6,20.06.15,20,Kundgebung oder Veranstaltung,Stoerung,Die Linie 20 ist infolge der Tour de Suisse auf der Strecke zwischen Breitfeld und Wyler frueher als geplant umgeleitet. Dauer: bis 20.06.2015 ca. 18:30Uhr.,20.06.15 10:44,20.06.15 12:00,Bern Bahnhof - Wankdorf Bahnhof
Kundgebung_oder_Veranstaltung,352,Samstag,76,low,2015,6,20.06.15,20,Kundgebung oder Veranstaltung,Stoerung,Die Linie 20 ist infolge der Tour de Suisse auf der Strecke zwischen Breitfeld und Wyler frueher als geplant umgeleitet. Dauer: bis 20.06.2015 ca. 18:30Uhr.,20.06.15 10:44,20.06.15 12:00,Bern Bahnhof - Wankdorf Bahnhof
Kundgebung_oder_Veranstaltung,353,Sonntag,79,low,2015,6,21.06.15,9,Kundgebung oder Veranstaltung,Geplante Stoerung,21.06.2015 18:22 Uhr: Auf der Linie 9 ist infolge einer Veranstaltung die Strecke zwischen Guisanplatz Expo und Wankdorf Bahnhof unterbrochen. Dauer: ca. 45 Min.,21.06.15 18:23,21.06.15 19:41,Wabern - Wankdorf Bahnhof
Kundgebung_oder_Veranstaltung,354,Sonntag,79,low,2015,6,21.06.15,9,Kundgebung oder Veranstaltung,Geplante Stoerung,21.06.2015 18:22 Uhr: Auf der Linie 9 ist infolge einer Veranstaltung die Strecke zwischen Guisanplatz Expo und Wankdorf Bahnhof unterbrochen. Dauer: ca. 45 Min.,21.06.15 18:23,21.06.15 19:41,Wabern - Wankdorf Bahnhof
Bauarbeiten,355,Montag,121,medium,2015,6,22.06.15,10,Bauarbeiten,Stoerung,Auf der Linie 10 ist infolge Belagsarbeiten zwischen Koeniz Schliern und Koeniz Schloss auf der ganzen Linie mit Verspaetungen und Kursausfaellen zu rechnen.,22.06.15 07:40,22.06.15 09:41,Köniz Schliern - Ostermundigen Rüti
Polizei_Feuerwehr_Sanitaet,356,Montag,32,low,2015,6,22.06.15,6,Polizei und Rettung,Stoerung,Auf den Linien 6 7 8 und 9 ist infolge eines Feuerwehreinsatzes in der Marktgasse mit unregelmaessigem Betrieb zu rechnen.,22.06.15 09:06,22.06.15 09:37,Fischermätteli - Worb Dorf
Polizei_Feuerwehr_Sanitaet,357,Montag,32,low,2015,6,22.06.15,7,Polizei und Rettung,Stoerung,Auf den Linien 6 7 8 und 9 ist infolge eines Feuerwehreinsatzes in der Marktgasse mit unregelmaessigem Betrieb zu rechnen.,22.06.15 09:06,22.06.15 09:37,Bümpliz - Ostring
Polizei_Feuerwehr_Sanitaet,358,Montag,32,low,2015,6,22.06.15,8,Polizei und Rettung,Stoerung,Auf den Linien 6 7 8 und 9 ist infolge eines Feuerwehreinsatzes in der Marktgasse mit unregelmaessigem Betrieb zu rechnen.,22.06.15 09:06,22.06.15 09:37,Brünnen Westside Bahnhof - Saali
Polizei_Feuerwehr_Sanitaet,359,Montag,32,low,2015,6,22.06.15,9,Polizei und Rettung,Stoerung,Auf den Linien 6 7 8 und 9 ist infolge eines Feuerwehreinsatzes in der Marktgasse mit unregelmaessigem Betrieb zu rechnen.,22.06.15 09:06,22.06.15 09:37,Wabern - Wankdorf Bahnhof
Polizei_Feuerwehr_Sanitaet,360,Montag,21,verylow,2015,6,22.06.15,12,Polizei und Rettung,Stoerung,Auf der Linie 12 ist infolge eines Feuerwehreinsatzes in der Marktgasse mit unregelmaessigem Betrieb zu rechnen.,22.06.15 09:17,22.06.15 09:38,Längasse - Zentrum Paul Klee
Polizei_Feuerwehr_Sanitaet,361,Montag,21,verylow,2015,6,22.06.15,12,Polizei und Rettung,Stoerung,Auf der Linie 12 ist infolge eines Feuerwehreinsatzes in der Marktgasse mit unregelmaessigem Betrieb zu rechnen.,22.06.15 09:17,22.06.15 09:38,Längasse - Zentrum Paul Klee
Bauarbeiten,362,Montag,45,low,2015,6,22.06.15,10,Bauarbeiten,Stoerung,Auf der Linie 10 ist infolge Belagsarbeiten zwischen Koeniz Schliern und Koeniz Schloss auf der gesamten Linie mit unregelmaessigem Betrieb zu rechnen.,22.06.15 11:34,22.06.15 12:19,Köniz Schliern - Ostermundigen Rüti
Verkehrsueberlastung,363,Montag,115,low,2015,6,22.06.15,17,Verkehrsueberlastung,Stoerung,Auf der Linie 17 ist infolge Verkehrueberlastung mit Verspaetungen und unregelmaessigem Betrieb zu rechnen. Dauer: bis 22.06.2015 ca. 19:00 Uhr.,22.06.15 17:34,22.06.15 19:28,Bern Bahnhof - Köniz Weiermatt
Bauarbeiten,364,Montag,235,medium,2015,6,22.06.15,10,Bauarbeiten,Stoerung,Auf der Linie 10 ist infolge Belagsarbeiten zwischen Koeniz Schliern und Koeniz Schloss auf der gesamten Linie mit unregelmaessigem Betrieb zu rechnen.,22.06.15 17:12,22.06.15 21:06,Köniz Schliern - Ostermundigen Rüti
Bauarbeiten,365,Dienstag,135,medium,2015,6,23.06.15,10,Bauarbeiten,Geplante Stoerung,23.06.2015 16:44 Uhr: Auf der Linie 10 ist infolge Belagsarbeiten mit Verspaetungen und unregelmaessigem Betrieb zu rechnen. Dauer: unbestimmt.,23.06.15 16:45,23.06.15 19:00,Köniz Schliern - Ostermundigen Rüti
Verkehrsueberlastung,366,Dienstag,48,low,2015,6,23.06.15,11,Verkehrsueberlastung,Geplante Stoerung,23.06.2015 18:11 Uhr: Auf der Linie 11 ist infolge Verkehrueberlastung mit Verspaetungen und unregelmaessigem Betrieb zu rechnen. Dauer: ca. 1h.,23.06.15 18:11,23.06.15 18:59,Holligen - Neufeld P+R
Verkehrsueberlastung,367,Dienstag,48,low,2015,6,23.06.15,11,Verkehrsueberlastung,Geplante Stoerung,23.06.2015 18:11 Uhr: Auf der Linie 11 ist infolge Verkehrueberlastung mit Verspaetungen und unregelmaessigem Betrieb zu rechnen. Dauer: ca. 1h.,23.06.15 18:11,23.06.15 18:59,Holligen - Neufeld P+R
Verkehrsunfall,368,Donnerstag,45,low,2015,6,25.06.15,6,Verkehrsunfall,Stoerung,Auf der Linie 6 ist infolge eines Verkehrsunfalls mit unregelmaessigem Betrieb zu rechnen.,25.06.15 17:41,25.06.15 18:25,Fischermätteli - Worb Dorf
Verkehrsueberlastung,369,Dienstag,68,low,2015,6,30.06.15,10,Verkehrsueberlastung,Stoerung,Auf der Linie 10 ist infolge Verkehrueberlastung mit unregelmaessigem Betrieb zu rechnen.,30.06.15 17:22,30.06.15 18:30,Köniz Schliern - Ostermundigen Rüti
Bauarbeiten,370,Samstag,1462,high,2015,7,11.07.15,10,Bauarbeiten,Geplante Stoerung,11.07.2015: Die Linie 10 faehrt infolge Belagsarbeiten in der Muhlernstrasse nur bis Koeniz Zentrum. Von dort geht ein Shuttlebus. Bei schlechtem Wetter werden die Bauarbeiten um eine Woche verschoben. Dauer: bis 12.07.2015.,11.07.15 00:01,12.07.15 23:59,Köniz Schliern - Ostermundigen Rüti
Bauarbeiten,371,Samstag,1462,high,2015,7,11.07.15,160,Bauarbeiten,Geplante Stoerung,11.07.2015: Auf den Linien 160 und 332 wird infolge Belagsarbeiten die Haltestelle Kaesereistrasse prov. in der Rubigenstrasse bedient. Bei schlechter Witterung werden die Bauarbeiten um eine Woche verschoben. Dauer: bis 12.07.2015.,11.07.15 00:01,12.07.15 23:59,Konolfingen - Belp
Verspaetungen_Allgemein,372,Donnerstag,6,verylow,2015,7,02.07.15,6,Verspaetungen Allgemein,Stoerung,Die Linie 6 ist wieder durchgehend befahrbar es kann zu Verspaetungen kommen.,02.07.15 14:16,02.07.15 14:21,Fischermätteli - Worb Dorf
Verspaetungen_Allgemein,373,Donnerstag,17,verylow,2015,7,02.07.15,6,Verspaetungen Allgemein,Stoerung,Die Linie 6 ist wieder durchgehend befahrbar es kann jedoch zu Verspaetungen kommen.,02.07.15 14:20,02.07.15 14:37,Fischermätteli - Worb Dorf
Bauarbeiten,374,Dienstag,67,low,2015,7,07.07.15,10,Bauarbeiten,Geplante Stoerung,07.07.2015 11:45 Uhr: Auf der Linie 10 ist infolge Bauarbeiten mit unregelmaessigem Betrieb zu rechnen. Dauer: ca. 2h.,07.07.15 11:45,07.07.15 12:52,Köniz Schliern - Ostermundigen Rüti
Sonstige_Stoerungen,375,Donnerstag,1165,high,2015,7,16.07.15,9,Sonstige Stoerungen,Stoerung,Waehrend dem Gurtenfestival vom 16. bis 19.7 fahren auf der Linie 9 Zusatzkurse ab Bern Bahnhof (Christoffelgasse) nach Wabern. Ab 00.30 Uhr verkehrt ein Shuttlebus zwischen den Haltestellen Gurtenbahn und Bern Bahnhof.,16.07.15 00:01,31.07.15 13:25,Wabern - Wankdorf Bahnhof
Fahrzeugpanne,376,Mittwoch,35,low,2015,7,15.07.15,3,Fahrzeugpanne,Geplante Stoerung,15.07.2015 16:16 Uhr: Auf der Linie 3 ist infolge einer Fahrzeugpanne mit Kursausfaellen zu rechnen. Dauer: ca. 45 Min.,15.07.15 16:17,15.07.15 16:51,Bern Bahnhof - Weissenbühl
Verkehrsueberlastung,377,Donnerstag,54,low,2015,7,16.07.15,9,Verkehrsueberlastung,Geplante Stoerung,16.07.2015 17:53 Uhr: Auf der Linie 9 ist infolge Verkehrueberlastung mit Verspaetungen und unregelmaessigem Betrieb zu rechnen. Dauer: ca. 1h.,16.07.15 17:53,16.07.15 18:47,Wabern - Wankdorf Bahnhof
Fahrzeugpanne,378,Freitag,36,low,2015,7,17.07.15,6,Fahrzeugpanne,Stoerung,Auf der Linie 6 faellt infolge einer Fahrzeugpanne der Kurs um 06:50 Uhr ab Bern Bahnhof Richtung Fischermaetteli aus. Die naechste Abfahrt erfolgt um 07:00 Uhr.  ,17.07.15 06:42,17.07.15 07:18,Fischermätteli - Worb Dorf
Fahrzeugpanne,379,Freitag,31,low,2015,7,17.07.15,6,Fahrzeugpanne,Stoerung,Auf der Linie 6 faellt infolge einer Fahrzeugpanne der Kurs um 07:06 Uhr ab Fischermaetteli Richtung Bern Bahnhof aus. Die naechste Abfahrt erfolgt um 07:16 Uhr.  ,17.07.15 06:49,17.07.15 07:19,Fischermätteli - Worb Dorf
Bauarbeiten,380,Mittwoch,103,low,2015,7,29.07.15,8,Bauarbeiten,Stoerung,Auf der Linie 8 fahren infolge Bauarbeiten zwischen Holenacker und Bruennen Westside Bahnhof Shuttlebusse. Dauer: bis 29.07.2015 ca. 15:00Uhr.,29.07.15 09:00,29.07.15 10:43,Brünnen Westside Bahnhof - Saali
Verkehrsueberlastung,381,Freitag,119,low,2015,8,07.08.15,160,Verkehrsueberlastung,Geplante Stoerung,07.08.2015 17:00 Uhr: Auf der Linie 160 ist infolge Verkehrueberlastung mit Verspaetungen und unregelmaessigem Betrieb zu rechnen. Dauer: ca. 2h.,07.08.15 17:00,07.08.15 18:58,Konolfingen - Belp
Bauarbeiten,382,Mittwoch,60,low,2015,9,02.09.15,17,Bauarbeiten,Stoerung,Auf der Linie 17 ist infolge Bauarbeiten mit Verspaetungen und unregelmaessigem Betrieb zu rechnen.,02.09.15 17:42,02.09.15 18:42,Bern Bahnhof - Köniz Weiermatt
Sonstige_Stoerungen,383,Samstag,1623,high,2015,9,19.09.15,9,Sonstige Stoerungen,Geplante Stoerung,"19.09. bis 27.09.2015. Stadteinwaerts befindet sich die Haltestelle Wander in der Wabernstrasse nach der Kreuzung Friedheimweg, stadtauswaerts eingangs Weissenbuehlweg.",19.09.15 00:01,13.01.16 17:03,Wabern - Wankdorf Bahnhof
Sonstige_Stoerungen,384,Samstag,1623,high,2015,9,19.09.15,9,Sonstige Stoerungen,Geplante Stoerung,19.09. bis 27.09.2015: Richtung Wabern befindet sich die Haltestelle Bern Bahnhof auf dem Perron B Richtung Weissenbuehl auf dem Perron C unter dem Baldachin.,19.09.15 00:01,13.01.16 17:03,Wabern - Wankdorf Bahnhof
Bauarbeiten,385,Montag,1462,high,2015,9,28.09.15,7,Bauarbeiten,Geplante Stoerung,28./29.9.: Infolge Bauarbeiten faehrt von 20 Uhr bis Betriebsschluss ein Ersatzbus zwischen Europaplatz Bahnhof und Buempliz. Bitte steigen Sie beim Europaplatz um und beachten Sie die Infos auf den elektronischen Anzeigetafeln.,28.09.15 00:01,29.09.15 23:59,Bümpliz - Ostring
Bauarbeiten,386,Montag,299,medium,2015,9,28.09.15,7,Bauarbeiten,Stoerung,Tramersatz zwischen Europaplatz Bahnhof und Buempliz Endstation infolge Bauarbeiten. Dauer: 28.09.2015 ab 20:00 Uhr bis Betriebsschluss.,28.09.15 20:00,29.09.15 00:59,Bümpliz - Ostring
Bauarbeiten,387,Dienstag,299,medium,2015,9,29.09.15,7,Bauarbeiten,Stoerung,Tramersatz zwischen Europaplatz Bahnhof und Buempliz Endstation infolge Bauarbeiten. Dauer: 29.09.2015 ab 20:00 Uhr bis Betriebsschluss.,29.09.15 20:00,30.09.15 00:59,Bümpliz - Ostring
Fahrzeugpanne,388,Donnerstag,5,verylow,2015,9,24.09.15,160,Fahrzeugpanne,Stoerung,Auf der Linie 160 faellt infolge einer Fahrzeugpanne der Kurs um 17:31 Uhr ab Konolfingen Dorf Richtung Konolfingen Bahnhof aus. Die naechste Abfahrt erfolgt um 17:59 Uhr.  ,24.09.15 17:31,24.09.15 17:36,Konolfingen - Belp
Verkehrsueberlastung,389,Freitag,16,verylow,2015,11,06.11.15,160,Verkehrsueberlastung,Geplante Stoerung,06.11.2015 15:45 Uhr: Auf der Linie 160 ist infolge Verkehrueberlastung mit Verspaetungen und unregelmaessigem Betrieb zu rechnen. Dauer: ca. 30 Min.,06.11.15 15:45,06.11.15 16:01,Konolfingen - Belp
Verkehrsueberlastung,390,Donnerstag,53,low,2015,11,12.11.15,10,Verkehrsueberlastung,Stoerung,Auf der Linie 10 ist infolge Verkehrueberlastung mit unregelmaessigem Betrieb zu rechnen.,12.11.15 17:33,12.11.15 18:25,Köniz Schliern - Ostermundigen Rüti
Verkehrsueberlastung,391,Freitag,162,medium,2015,11,13.11.15,20,Verkehrsueberlastung,Stoerung,Auf der Linie 20 ist infolge Verkehrueberlastung mit Verspaetungen und unregelmaessigem Betrieb zu rechnen. Dauer: bis 13.11.2015 ca. 19:00 Uhr.,13.11.15 16:18,13.11.15 19:00,Bern Bahnhof - Wankdorf Bahnhof
Verkehrsueberlastung,392,Freitag,162,medium,2015,11,13.11.15,20,Verkehrsueberlastung,Stoerung,Auf der Linie 20 ist infolge Verkehrueberlastung mit Verspaetungen und unregelmaessigem Betrieb zu rechnen. Dauer: bis 13.11.2015 ca. 19:00 Uhr.,13.11.15 16:18,13.11.15 19:00,Bern Bahnhof - Wankdorf Bahnhof
Verkehrsueberlastung,393,Freitag,81,low,2015,11,13.11.15,10,Verkehrsueberlastung,Stoerung,Auf der Linie 10 ist infolge Verkehrueberlastung mit Verspaetungen und Kursausfaellen zu rechnen. Dauer: bis 13.11.2015 ca. 19:00 Uhr.,13.11.15 16:49,13.11.15 18:10,Köniz Schliern - Ostermundigen Rüti
Verkehrsueberlastung,394,Montag,60,low,2015,11,16.11.15,10,Verkehrsueberlastung,Stoerung,Auf der Linie 10 ist infolge Verkehrueberlastung mit unregelmaessigem Betrieb zu rechnen.,16.11.15 17:48,16.11.15 18:48,Köniz Schliern - Ostermundigen Rüti
Fahrzeugpanne,395,Dienstag,15,verylow,2015,11,17.11.15,19,Fahrzeugpanne,Stoerung,Auf der Linie 19 faellt die Abfahrt 06:49 Uhr ab Elfenau infolge einer Fahrzeugpanne aus. Dauer: bis 17.11.2015 ca. 07:00 Uhr.,17.11.15 06:45,17.11.15 07:00,Blinzern - Elfenau
Sonstige_Stoerungen,396,Sonntag,2060,high,2015,12,13.12.15,11,Sonstige Stoerungen,Stoerung,Ab 13.12.: Die Haltestellen Gueterbahnhof und Bremgartenfriedhof werden ab dem Fahrplanwechsel von der PostAuto-Linie 101 bedient.,13.12.15 00:01,10.12.16 23:09,Holligen - Neufeld P+R
Sonstige_Stoerungen,397,Sonntag,2060,high,2015,12,13.12.15,11,Sonstige Stoerungen,Stoerung,Ab 13.12.: Die Haltestellen Gueterbahnhof und Bremgartenfriedhof werden ab dem Fahrplanwechsel von der PostAuto-Linie 101 bedient.,13.12.15 00:01,10.12.16 23:09,Holligen - Neufeld P+R
Sonstige_Stoerungen,398,Sonntag,2052,high,2015,12,13.12.15,11,Sonstige Stoerungen,Stoerung,Ab 13.12.: Die Haltestelle Inselspital der Linie 11 befindet sich ab dem Fahrplanwechsel neu vor dem Haupteingang des Bettenhochhauses.,13.12.15 00:17,10.12.16 23:17,Holligen - Neufeld P+R
Sonstige_Stoerungen,399,Donnerstag,18,verylow,2015,11,26.11.15,160,Sonstige Stoerungen,Stoerung,Auf der Linie 160 ist der Kurs 14:04 Uhr ab Bern Flughafen nach Konolfingen Dorf ca. 8 Minuten verspaetet.,26.11.15 14:52,26.11.15 15:10,Konolfingen - Belp
Kundgebung_oder_Veranstaltung,400,Donnerstag,120,low,2015,12,03.12.15,11,Kundgebung oder Veranstaltung,Geplante Stoerung,03.12.2015: Die Haltestelle Bern Bahnhof der Linie 11 befindet sich von ca. 18.30 bis ca. 20.30 Uhr infolge einer Veranstaltung in Richtung Gueterbahnhof beim Perron D und Richtung Â«Neufeld P+RÂ» beim Perron A.,03.12.15 18:30,03.12.15 20:30,Holligen - Neufeld P+R
Ersatzfahrten_und_Kursausfaelle,401,Sonntag,780,high,2015,12,06.12.15,160,Ersatzfahrten und Kursausfaelle,Geplante Stoerung,06.12.2015: Die Haltestelle Belp Schuetzen der Linie 160 und 334 ist von ca. 7.00 bis ca. 20.00 Uhr infolge des Weihnachtmarktes nicht bedient.,06.12.15 07:00,06.12.15 20:00,Konolfingen - Belp
Verkehrsueberlastung,402,Montag,18,verylow,2015,12,07.12.15,11,Verkehrsueberlastung,Geplante Stoerung,07.12.2015 08:03 Uhr: Auf der Linie 11 ist infolge Verkehrueberlastung mit Verspaetungen und unregelmaessigem Betrieb zu rechnen. Dauer: unbestimmt.,07.12.15 08:03,07.12.15 08:21,Holligen - Neufeld P+R
Verkehrsueberlastung,403,Montag,18,verylow,2015,12,07.12.15,11,Verkehrsueberlastung,Geplante Stoerung,07.12.2015 08:03 Uhr: Auf der Linie 11 ist infolge Verkehrueberlastung mit Verspaetungen und unregelmaessigem Betrieb zu rechnen. Dauer: unbestimmt.,07.12.15 08:03,07.12.15 08:21,Holligen - Neufeld P+R
Unregelmaessiger_Betrieb_und_Umleitungen,404,Freitag,46,low,2015,12,11.12.15,17,Unregelmaessiger Betrieb und Umleitungen,Stoerung,Die Linie 17 wird als Tramersatz Linie 6 in beiden Richtungen umgeleitet.,11.12.15 17:06,11.12.15 17:52,Bern Bahnhof - Köniz Weiermatt
Verkehrsunfall,405,Freitag,86,low,2015,12,11.12.15,6,Verkehrsunfall,Stoerung,Auf der Linie 6 muss infolge eines Verkehrsunfalls mit grossen Verspaetungen gerechnet werden. Ersatzbetrieb auf der Strecke zwischen Bahnhof und Fischermaetteli mit der Linie 17.,11.12.15 17:09,11.12.15 18:35,Fischermätteli - Worb Dorf
Fahrzeugpanne,406,Freitag,47,low,2015,12,11.12.15,12,Fahrzeugpanne,Stoerung,Auf der Linie 12 ist infolge einer Fahrzeugpanne mit unregelmaessigem Betrieb zu rechnen.,11.12.15 17:13,11.12.15 18:00,Längasse - Zentrum Paul Klee
Fahrzeugpanne,407,Sonntag,27,verylow,2015,12,13.12.15,12,Fahrzeugpanne,Stoerung,Auf der Linie 12 faellt infolge einer Fahrzeugpanne der Kurs um 23:08 Uhr ab Bern Zentrum Paul Klee Richtung Bern Bahnhof aus. Die naechste Abfahrt erfolgt um 23:23 Uhr.  ,13.12.15 23:05,13.12.15 23:31,Längasse - Zentrum Paul Klee
Verkehrsunfall,408,Montag,17,verylow,2015,12,14.12.15,8,Verkehrsunfall,Geplante Stoerung,14.12.2015 09:02 Uhr: Auf der Linie 8 ist infolge eines Verkehrsunfalls die Strecke zwischen Buempliz Unterfuehrung und Bern Bruennen Westside Bahnhof unterbrochen. Die Linie 8 wird ab Unterfuehrung via Buempliz umgeleitet.Dauer: unbestimmt.,14.12.15 09:03,14.12.15 09:20,Brünnen Westside Bahnhof - Saali
Verkehrsunfall,409,Montag,11,verylow,2015,12,14.12.15,8,Verkehrsunfall,Geplante Stoerung,14.12.2015 09:09 Uhr: Auf der Linie 8 ist infolge eines Verkehrsunfalls mit Verspaetungen und unregelmaessigem Betrieb zu rechnen. Dauer: unbestimmt.,14.12.15 09:09,14.12.15 09:20,Brünnen Westside Bahnhof - Saali
Verspaetungen_Allgemein,410,Montag,42,low,2015,12,14.12.15,8,Verspaetungen Allgemein,Geplante Stoerung,14.12.2015 09:20 Uhr: Die Strecke zwischen Buempliz-Unterfuehrung und Bruennen Westside ist wieder durchgehend befahrbar. Es muss aber mit Verspaetungen und unregelmaessigem Betrieb gerechnet werden. Dauer: unbestimmt.,14.12.15 09:23,14.12.15 10:04,Brünnen Westside Bahnhof - Saali
Verspaetungen_Allgemein,411,Dienstag,53,low,2015,12,15.12.15,11,Verspaetungen Allgemein,Stoerung,Auf der Linie 11 ist die Umleitung aufgehoben jedoch ist mit Verspaetungen und unregelmaessigem Betrieb zu rechnen. Dauer: bis 15.12.2015 ca. 19:00 Uhr.,15.12.15 18:08,15.12.15 19:01,Holligen - Neufeld P+R
Sonstige_Stoerungen,412,Dienstag,25,verylow,2015,12,15.12.15,3,Sonstige Stoerungen,Stoerung,Die Linie 3 faehrt wieder nach Fahrplan.,15.12.15 18:24,15.12.15 18:48,Bern Bahnhof - Weissenbühl
Verkehrsueberlastung,413,Mittwoch,27,verylow,2015,4,01.04.15,160,Verkehrsueberlastung,Geplante Stoerung,01.04.2015 14:30 Uhr: Auf der Linie 160 ist infolge Verkehrueberlastung in Muensingen mit Verspaetungen und unregelmaessigem Betrieb zu rechnen. Dauer: ca. 2h.,01.04.15 14:41,01.04.15 15:08,Konolfingen - Belp
Verkehrsunfall,414,Samstag,24,verylow,2015,4,04.04.15,17,Verkehrsunfall,Stoerung,Auf der Linie 17 ist infolge eines Verkehrsunfalls mit unregelmaessigem Betrieb zu rechnen.,04.04.15 16:30,04.04.15 16:54,Bern Bahnhof - Köniz Weiermatt
Verspaetungen_Allgemein,415,Donnerstag,70,low,2015,4,09.04.15,9,Verspaetungen Allgemein,Stoerung,Die Stoerung am Wankdorf Bahnhof ist behoben und die Strecke fuer L9 und L20 wieder durchgehend befahrbar. Es kommt jedoch weiterhin zu Verspaetungen und Kursausfaellen. Es fahren Tramersatzbusse zwischen Wabern-Bahnhof-Wabern.,09.04.15 13:07,09.04.15 14:16,Wabern - Wankdorf Bahnhof
Verspaetungen_Allgemein,416,Donnerstag,70,low,2015,4,09.04.15,20,Verspaetungen Allgemein,Stoerung,Die Stoerung am Wankdorf Bahnhof ist behoben und die Strecke fuer L9 und L20 wieder durchgehend befahrbar. Es kommt jedoch weiterhin zu Verspaetungen und Kursausfaellen. Es fahren Tramersatzbusse zwischen Wabern-Bahnhof-Wabern.,09.04.15 13:07,09.04.15 14:16,Bern Bahnhof - Wankdorf Bahnhof
Verspaetungen_Allgemein,417,Donnerstag,70,low,2015,4,09.04.15,20,Verspaetungen Allgemein,Stoerung,Die Stoerung am Wankdorf Bahnhof ist behoben und die Strecke fuer L9 und L20 wieder durchgehend befahrbar. Es kommt jedoch weiterhin zu Verspaetungen und Kursausfaellen. Es fahren Tramersatzbusse zwischen Wabern-Bahnhof-Wabern.,09.04.15 13:07,09.04.15 14:16,Bern Bahnhof - Wankdorf Bahnhof
Fahrzeugpanne,418,Donnerstag,42,low,2015,4,09.04.15,9,Fahrzeugpanne,Stoerung,Infolge Fahrzeugpanne am Wankdorf Bahnhof wendet die L 9 am Guisanplatz die Strecke Guisanplatz-Wankkdorf Bahnhof ist vorruebergehend nicht bedient. Die L20 wendet im Wyler. Die Haltestelle Wankdorf Bahnhof ist vorruebergehend nicht bedient.,09.04.15 13:23,09.04.15 14:05,Wabern - Wankdorf Bahnhof
Verspaetungen_Allgemein,419,Donnerstag,38,low,2015,4,09.04.15,9,Verspaetungen Allgemein,Stoerung,Die Stoerung am Wankdorf Bahnhof ist behoben und die Strecke fuer L9 und L20 wieder durchgehend befahrbar. Es kommt jedoch weiterhin zu Verspaetungen und Kursausfaellen.,09.04.15 13:29,09.04.15 14:06,Wabern - Wankdorf Bahnhof
Verspaetungen_Allgemein,420,Donnerstag,38,low,2015,4,09.04.15,20,Verspaetungen Allgemein,Stoerung,Die Stoerung am Wankdorf Bahnhof ist behoben und die Strecke fuer L9 und L20 wieder durchgehend befahrbar. Es kommt jedoch weiterhin zu Verspaetungen und Kursausfaellen.,09.04.15 13:29,09.04.15 14:06,Bern Bahnhof - Wankdorf Bahnhof
Verspaetungen_Allgemein,421,Donnerstag,38,low,2015,4,09.04.15,20,Verspaetungen Allgemein,Stoerung,Die Stoerung am Wankdorf Bahnhof ist behoben und die Strecke fuer L9 und L20 wieder durchgehend befahrbar. Es kommt jedoch weiterhin zu Verspaetungen und Kursausfaellen.,09.04.15 13:29,09.04.15 14:06,Bern Bahnhof - Wankdorf Bahnhof
Verspaetungen_Allgemein,422,Donnerstag,27,verylow,2015,4,09.04.15,9,Verspaetungen Allgemein,Stoerung,Die Stoerung am Wankdorf Bahnhof ist behoben und die Strecke fuer L9 und L20 wieder durchgehend befahrbar. Es kommt jedoch weiterhin zu Verspaetungen und Kursausfaellen. Es fahren Tramersatzbusse zwischen Wabern-Bahnhof-Wabern.,09.04.15 13:41,09.04.15 14:07,Wabern - Wankdorf Bahnhof
Verspaetungen_Allgemein,423,Donnerstag,27,verylow,2015,4,09.04.15,20,Verspaetungen Allgemein,Stoerung,Die Stoerung am Wankdorf Bahnhof ist behoben und die Strecke fuer L9 und L20 wieder durchgehend befahrbar. Es kommt jedoch weiterhin zu Verspaetungen und Kursausfaellen. Es fahren Tramersatzbusse zwischen Wabern-Bahnhof-Wabern.,09.04.15 13:41,09.04.15 14:07,Bern Bahnhof - Wankdorf Bahnhof
Verspaetungen_Allgemein,424,Donnerstag,27,verylow,2015,4,09.04.15,20,Verspaetungen Allgemein,Stoerung,Die Stoerung am Wankdorf Bahnhof ist behoben und die Strecke fuer L9 und L20 wieder durchgehend befahrbar. Es kommt jedoch weiterhin zu Verspaetungen und Kursausfaellen. Es fahren Tramersatzbusse zwischen Wabern-Bahnhof-Wabern.,09.04.15 13:41,09.04.15 14:07,Bern Bahnhof - Wankdorf Bahnhof
Kundgebung_oder_Veranstaltung,425,Mittwoch,1259,high,2015,4,15.04.15,10,Kundgebung oder Veranstaltung,Stoerung,Die Linien 10 und 19 sind infolge einer Veranstaltung auf dem Bundesplatz stadtauswaerts durch die Spital- / Marktgasse umgeleitet.,15.04.15 12:00,16.04.15 08:58,Köniz Schliern - Ostermundigen Rüti
Kundgebung_oder_Veranstaltung,426,Mittwoch,1259,high,2015,4,15.04.15,19,Kundgebung oder Veranstaltung,Stoerung,Die Linien 10 und 19 sind infolge einer Veranstaltung auf dem Bundesplatz stadtauswaerts durch die Spital- / Marktgasse umgeleitet.,15.04.15 12:00,16.04.15 08:58,Blinzern - Elfenau
Fahrzeugpanne,427,Freitag,64,low,2015,4,10.04.15,7,Fahrzeugpanne,Geplante Stoerung,10.04.2015 08:20 Uhr: Auf der Linie 7 ist infolge einer Fahrzeugpanne mit Verspaetungen und unregelmaessigem Betrieb zu rechnen. Dauer: unbestimmt.,10.04.15 08:20,10.04.15 09:23,Bümpliz - Ostring
Fahrzeugpanne,428,Freitag,9,verylow,2015,4,10.04.15,7,Fahrzeugpanne,Geplante Stoerung,10.04.2015 08:24 Uhr: Auf der Linie 7 ist infolge einer Fahrzeugpanne die Strecke zwischen Buempliz Unterfuehrung und Buempliz nicht bedient. Es werden Ersatzbusse eingesetzt. Dauer: unbestimmt.,10.04.15 08:27,10.04.15 08:35,Bümpliz - Ostring
Verkehrsunfall,429,Samstag,45,low,2015,4,11.04.15,9,Verkehrsunfall,Geplante Stoerung,11.04.2015 19:02 Uhr: Auf der Linie 9 ist infolge eines Unfalls mit Verspaetungen und unregelmaessigem Betrieb zu rechnen. Dauer: ca. 30 Min.,11.04.15 19:03,11.04.15 19:47,Wabern - Wankdorf Bahnhof
Verspaetungen_Allgemein,430,Montag,156,medium,2015,4,13.04.15,3,Verspaetungen Allgemein,Geplante Stoerung,13.04.2015 06:44 Uhr: Auf den Linien 3 6 7 und 8 ist infolge Oberleitungsschaden mit Verspaetungen und unregelmaessigem Betrieb zu rechnen. Dauer: unbestimmt.,13.04.15 06:45,13.04.15 09:20,Bern Bahnhof - Weissenbühl
Verspaetungen_Allgemein,431,Montag,156,medium,2015,4,13.04.15,6,Verspaetungen Allgemein,Geplante Stoerung,13.04.2015 06:44 Uhr: Auf den Linien 3 6 7 und 8 ist infolge Oberleitungsschaden mit Verspaetungen und unregelmaessigem Betrieb zu rechnen. Dauer: unbestimmt.,13.04.15 06:45,13.04.15 09:20,Fischermätteli - Worb Dorf
Verspaetungen_Allgemein,432,Montag,156,medium,2015,4,13.04.15,7,Verspaetungen Allgemein,Geplante Stoerung,13.04.2015 06:44 Uhr: Auf den Linien 3 6 7 und 8 ist infolge Oberleitungsschaden mit Verspaetungen und unregelmaessigem Betrieb zu rechnen. Dauer: unbestimmt.,13.04.15 06:45,13.04.15 09:20,Bümpliz - Ostring
Verspaetungen_Allgemein,433,Montag,156,medium,2015,4,13.04.15,8,Verspaetungen Allgemein,Geplante Stoerung,13.04.2015 06:44 Uhr: Auf den Linien 3 6 7 und 8 ist infolge Oberleitungsschaden mit Verspaetungen und unregelmaessigem Betrieb zu rechnen. Dauer: unbestimmt.,13.04.15 06:45,13.04.15 09:20,Brünnen Westside Bahnhof - Saali
Verspaetungen_Allgemein,434,Montag,99,low,2015,4,13.04.15,17,Verspaetungen Allgemein,Stoerung,Die Strecke ist wieder durchgehend befahrbar es kommt jedoch weiterhin zu Verspaetungen und Kursausfaellen.,13.04.15 07:02,13.04.15 08:41,Bern Bahnhof - Köniz Weiermatt
Verspaetungen_Allgemein,435,Montag,120,low,2015,4,13.04.15,7,Verspaetungen Allgemein,Stoerung,Die Strecke ist wieder durchgehend befahrbar es kommt jedoch weiterhin zu Verspaetungen und Kursausfaellen.,13.04.15 07:21,13.04.15 09:20,Bümpliz - Ostring
Verspaetungen_Allgemein,436,Montag,120,low,2015,4,13.04.15,8,Verspaetungen Allgemein,Stoerung,Die Strecke ist wieder durchgehend befahrbar es kommt jedoch weiterhin zu Verspaetungen und Kursausfaellen.,13.04.15 07:21,13.04.15 09:20,Brünnen Westside Bahnhof - Saali
Verspaetungen_Allgemein,437,Montag,103,low,2015,4,13.04.15,3,Verspaetungen Allgemein,Stoerung,Die Strecke ist wieder durchgehend befahrbar es kommt jedoch weiterhin zu Verspaetungen und Kursausfaellen.,13.04.15 07:37,13.04.15 09:20,Bern Bahnhof - Weissenbühl
Verspaetungen_Allgemein,438,Montag,101,low,2015,4,13.04.15,6,Verspaetungen Allgemein,Stoerung,Die Strecke ist wieder durchgehend befahrbar es kommt jedoch weiterhin zu Verspaetungen und Kursausfaellen.,13.04.15 07:39,13.04.15 09:20,Fischermätteli - Worb Dorf
Verkehrsunfall,439,Dienstag,3,verylow,2015,4,14.04.15,7,Verkehrsunfall,Geplante Stoerung,14.04.2015 17:47 Uhr: Auf der Linie 7 ist infolge eines Verkehrsunfalls die Strecke zwischen Buempliz Unterfuehrung und Buempliz nicht bedient. Dauer: ca. 30 Minuten.,14.04.15 17:48,14.04.15 17:50,Bümpliz - Ostring
Unregelmaessiger_Betrieb_und_Umleitungen,440,Freitag,31,low,2015,5,01.05.15,6,Unregelmaessiger Betrieb und Umleitungen,Stoerung,Auf den Tramlinien und der Linie 12 ist infolge 1. Mai-Umzug mit unregelmaessigem Betrieb zu rechnen.,01.05.15 11:00,01.05.15 11:30,Fischermätteli - Worb Dorf
Unregelmaessiger_Betrieb_und_Umleitungen,441,Freitag,31,low,2015,5,01.05.15,7,Unregelmaessiger Betrieb und Umleitungen,Stoerung,Auf den Tramlinien und der Linie 12 ist infolge 1. Mai-Umzug mit unregelmaessigem Betrieb zu rechnen.,01.05.15 11:00,01.05.15 11:30,Bümpliz - Ostring
Unregelmaessiger_Betrieb_und_Umleitungen,442,Freitag,31,low,2015,5,01.05.15,8,Unregelmaessiger Betrieb und Umleitungen,Stoerung,Auf den Tramlinien und der Linie 12 ist infolge 1. Mai-Umzug mit unregelmaessigem Betrieb zu rechnen.,01.05.15 11:00,01.05.15 11:30,Brünnen Westside Bahnhof - Saali
Unregelmaessiger_Betrieb_und_Umleitungen,443,Freitag,31,low,2015,5,01.05.15,9,Unregelmaessiger Betrieb und Umleitungen,Stoerung,Auf den Tramlinien und der Linie 12 ist infolge 1. Mai-Umzug mit unregelmaessigem Betrieb zu rechnen.,01.05.15 11:00,01.05.15 11:30,Wabern - Wankdorf Bahnhof
Unregelmaessiger_Betrieb_und_Umleitungen,444,Freitag,31,low,2015,5,01.05.15,12,Unregelmaessiger Betrieb und Umleitungen,Stoerung,Auf den Tramlinien und der Linie 12 ist infolge 1. Mai-Umzug mit unregelmaessigem Betrieb zu rechnen.,01.05.15 11:00,01.05.15 11:30,Längasse - Zentrum Paul Klee
Unregelmaessiger_Betrieb_und_Umleitungen,445,Freitag,31,low,2015,5,01.05.15,12,Unregelmaessiger Betrieb und Umleitungen,Stoerung,Auf den Tramlinien und der Linie 12 ist infolge 1. Mai-Umzug mit unregelmaessigem Betrieb zu rechnen.,01.05.15 11:00,01.05.15 11:30,Längasse - Zentrum Paul Klee
Unregelmaessiger_Betrieb_und_Umleitungen,446,Mittwoch,30,verylow,2015,4,15.04.15,9,Unregelmaessiger Betrieb und Umleitungen,Stoerung,Auf der Linie 9 ist infolge eines Staatsempfang mit unregelmaessigem Betrieb zu rechnen.,15.04.15 14:27,15.04.15 14:56,Wabern - Wankdorf Bahnhof
Sonstige_Stoerungen,447,Mittwoch,71,low,2015,4,15.04.15,12,Sonstige Stoerungen,Stoerung,Auf der Linie 12 ist infolge Staatsempfang die Strecke zwischen Bahnhof und Zentrum Paul Klee gesperrt.,15.04.15 14:49,15.04.15 16:00,Längasse - Zentrum Paul Klee
Sonstige_Stoerungen,448,Mittwoch,71,low,2015,4,15.04.15,12,Sonstige Stoerungen,Stoerung,Auf der Linie 12 ist infolge Staatsempfang die Strecke zwischen Bahnhof und Zentrum Paul Klee gesperrt.,15.04.15 14:49,15.04.15 16:00,Längasse - Zentrum Paul Klee
Unregelmaessiger_Betrieb_und_Umleitungen,449,Mittwoch,74,low,2015,4,15.04.15,12,Unregelmaessiger Betrieb und Umleitungen,Stoerung,Auf der Linie 12 ist wegen dem Staatsempfang mit unregelmaessigem Betrieb zu rechnen.,15.04.15 15:15,15.04.15 16:28,Längasse - Zentrum Paul Klee
Unregelmaessiger_Betrieb_und_Umleitungen,450,Mittwoch,74,low,2015,4,15.04.15,12,Unregelmaessiger Betrieb und Umleitungen,Stoerung,Auf der Linie 12 ist wegen dem Staatsempfang mit unregelmaessigem Betrieb zu rechnen.,15.04.15 15:15,15.04.15 16:28,Längasse - Zentrum Paul Klee
Fahrzeugpanne,451,Mittwoch,33,low,2015,4,15.04.15,6,Fahrzeugpanne,Geplante Stoerung,15.04.2015 15:52 Uhr: Auf der Linie 6 ist infolge einer Fahrzeugpanne mit Verspaetungen zu rechnen. Dauer: unbestimmt.,15.04.15 15:53,15.04.15 16:26,Fischermätteli - Worb Dorf
Verkehrsueberlastung,452,Mittwoch,46,low,2015,4,15.04.15,11,Verkehrsueberlastung,Geplante Stoerung,15.04.2015 18:46 Uhr: Auf der Linie 11 ist infolge Verkehrueberlastung mit Verspaetungen und unregelmaessigem Betrieb zu rechnen. Dauer: unbestimmt.,15.04.15 18:46,15.04.15 19:32,Holligen - Neufeld P+R
Verkehrsueberlastung,453,Mittwoch,46,low,2015,4,15.04.15,11,Verkehrsueberlastung,Geplante Stoerung,15.04.2015 18:46 Uhr: Auf der Linie 11 ist infolge Verkehrueberlastung mit Verspaetungen und unregelmaessigem Betrieb zu rechnen. Dauer: unbestimmt.,15.04.15 18:46,15.04.15 19:32,Holligen - Neufeld P+R
Fahrzeugpanne,454,Donnerstag,27,verylow,2015,4,16.04.15,9,Fahrzeugpanne,Geplante Stoerung,16.04.2015 15:47 Uhr: Auf der Linie 9 ist infolge einer Fahrzeugpanne mit Verspaetungen und Kursausfaellen zu rechnen. Dauer: ca. 30 Min.,16.04.15 15:47,16.04.15 16:14,Wabern - Wankdorf Bahnhof
Bauarbeiten,455,Montag,194,medium,2015,4,20.04.15,10,Bauarbeiten,Stoerung,Wegen Bauarbeiten sind die Linien 10 und 19 jeweils ab 22:00 Uhr bis Betriebsschluss umgeleitet. Die Linien 10 und 19 werden Montag bis Dienstag infolge einer Baustelle in der Amthausgasse stadteinwaerts durch die Markt-/Spitalgasse umgeleitet.,20.04.15 22:00,22.04.15 00:50,Köniz Schliern - Ostermundigen Rüti
Bauarbeiten,456,Montag,194,medium,2015,4,20.04.15,19,Bauarbeiten,Stoerung,Wegen Bauarbeiten sind die Linien 10 und 19 jeweils ab 22:00 Uhr bis Betriebsschluss umgeleitet. Die Linien 10 und 19 werden Montag bis Dienstag infolge einer Baustelle in der Amthausgasse stadteinwaerts durch die Markt-/Spitalgasse umgeleitet.,20.04.15 22:00,22.04.15 00:50,Blinzern - Elfenau
Ersatzfahrten_und_Kursausfaelle,457,Freitag,13,verylow,2015,4,17.04.15,10,Ersatzfahrten und Kursausfaelle,Geplante Stoerung,17.04.2015 17:00 Uhr: Auf den Linien 10 und 19 ist infolge einer Umleitung die Haltestelle Bundesplatz Richtung Ostermundigen / Elfenau nicht bedient. Bitte bei der Haltestelle Baerenplatz einsteigen.,17.04.15 17:09,17.04.15 17:21,Köniz Schliern - Ostermundigen Rüti
Ersatzfahrten_und_Kursausfaelle,458,Freitag,13,verylow,2015,4,17.04.15,19,Ersatzfahrten und Kursausfaelle,Geplante Stoerung,17.04.2015 17:00 Uhr: Auf den Linien 10 und 19 ist infolge einer Umleitung die Haltestelle Bundesplatz Richtung Ostermundigen / Elfenau nicht bedient. Bitte bei der Haltestelle Baerenplatz einsteigen.,17.04.15 17:09,17.04.15 17:21,Blinzern - Elfenau
Kundgebung_oder_Veranstaltung,459,Sonntag,323,medium,2015,4,19.04.15,9,Kundgebung oder Veranstaltung,Stoerung,Auf der Linie 9 ist infolge einer Veranstaltung die Strecke zwischen Guisanplatz Expo und Wankdorf Bahnhof nicht bedient. Dauer: bis 19.04.2015 ca. 17:05 Uhr.,19.04.15 11:42,19.04.15 17:05,Wabern - Wankdorf Bahnhof
Kundgebung_oder_Veranstaltung,460,Sonntag,278,medium,2015,4,19.04.15,9,Kundgebung oder Veranstaltung,Stoerung,Auf der Linie 9 ist infolge einer Veranstaltung die Strecke zwischen Guisanplatz Expo und Wankdorf Bahnhof nicht bedient. Dauer: bis 19.04.2015 ca. 17:05 Uhr.,19.04.15 12:27,19.04.15 17:05,Wabern - Wankdorf Bahnhof
Verkehrsueberlastung,461,Montag,77,low,2015,4,20.04.15,10,Verkehrsueberlastung,Stoerung,Auf der Linie 10 ist infolge Verkehrueberlastung mit Verspaetungen und unregelmaessigem Betrieb zu rechnen.,20.04.15 17:25,20.04.15 18:41,Köniz Schliern - Ostermundigen Rüti
Verkehrsueberlastung,462,Dienstag,62,low,2015,4,21.04.15,6,Verkehrsueberlastung,Geplante Stoerung,21.04.2015 17:40 Uhr: Auf den Linien 6 7 und 8 ist infolge Verkehrueberlastung mit Verspaetungen und unregelmaessigem Betrieb zu rechnen. Dauer: unbestimmt.,21.04.15 17:40,21.04.15 18:41,Fischermätteli - Worb Dorf
Verkehrsueberlastung,463,Dienstag,62,low,2015,4,21.04.15,7,Verkehrsueberlastung,Geplante Stoerung,21.04.2015 17:40 Uhr: Auf den Linien 6 7 und 8 ist infolge Verkehrueberlastung mit Verspaetungen und unregelmaessigem Betrieb zu rechnen. Dauer: unbestimmt.,21.04.15 17:40,21.04.15 18:41,Bümpliz - Ostring
Verkehrsueberlastung,464,Dienstag,62,low,2015,4,21.04.15,8,Verkehrsueberlastung,Geplante Stoerung,21.04.2015 17:40 Uhr: Auf den Linien 6 7 und 8 ist infolge Verkehrueberlastung mit Verspaetungen und unregelmaessigem Betrieb zu rechnen. Dauer: unbestimmt.,21.04.15 17:40,21.04.15 18:41,Brünnen Westside Bahnhof - Saali
Bauarbeiten,465,Mittwoch,167,medium,2015,4,22.04.15,10,Bauarbeiten,Stoerung,Auf den Linien 10 und 19 ist infolge Bauarbeiten die Strecke zwischen Zytglogge und Bern Bahnhof via Baerenplatz umgeleitet. Die Haltestelle Bundesplatz nach Bern Bahnhof wird nicht bedient.,22.04.15 22:00,23.04.15 00:47,Köniz Schliern - Ostermundigen Rüti
Bauarbeiten,466,Mittwoch,167,medium,2015,4,22.04.15,19,Bauarbeiten,Stoerung,Auf den Linien 10 und 19 ist infolge Bauarbeiten die Strecke zwischen Zytglogge und Bern Bahnhof via Baerenplatz umgeleitet. Die Haltestelle Bundesplatz nach Bern Bahnhof wird nicht bedient.,22.04.15 22:00,23.04.15 00:47,Blinzern - Elfenau
Verkehrsueberlastung,467,Mittwoch,62,low,2015,4,22.04.15,10,Verkehrsueberlastung,Stoerung,Auf der Linie 10 ist infolge Verkehrueberlastung mit Verspaetungen und unregelmaessigem Betrieb zu rechnen.,22.04.15 17:28,22.04.15 18:30,Köniz Schliern - Ostermundigen Rüti
Verkehrsunfall,468,Mittwoch,52,low,2015,4,22.04.15,20,Verkehrsunfall,Stoerung,Auf der Linie 20 ist infolge eines Verkehrsunfalls mit Verspaetungen und unregelmaessigem Betrieb zu rechnen.,22.04.15 18:08,22.04.15 19:00,Bern Bahnhof - Wankdorf Bahnhof
Verkehrsunfall,469,Mittwoch,52,low,2015,4,22.04.15,20,Verkehrsunfall,Stoerung,Auf der Linie 20 ist infolge eines Verkehrsunfalls mit Verspaetungen und unregelmaessigem Betrieb zu rechnen.,22.04.15 18:08,22.04.15 19:00,Bern Bahnhof - Wankdorf Bahnhof
Bauarbeiten,470,Mittwoch,150,medium,2015,4,22.04.15,10,Bauarbeiten,Stoerung,Auf den Linien 10 und 19 ist infolge Bauarbeiten die Strecke zwischen Zytglogge und Bern Bahnhof via Baerenplatz umgeleitet. Die Haltestelle Bundesplatz nach Bern Bahnhof wird nicht bedient.,22.04.15 22:00,23.04.15 00:30,Köniz Schliern - Ostermundigen Rüti
Bauarbeiten,471,Mittwoch,150,medium,2015,4,22.04.15,19,Bauarbeiten,Stoerung,Auf den Linien 10 und 19 ist infolge Bauarbeiten die Strecke zwischen Zytglogge und Bern Bahnhof via Baerenplatz umgeleitet. Die Haltestelle Bundesplatz nach Bern Bahnhof wird nicht bedient.,22.04.15 22:00,23.04.15 00:30,Blinzern - Elfenau
Kundgebung_oder_Veranstaltung,472,Mittwoch,189,medium,2015,4,29.04.15,9,Kundgebung oder Veranstaltung,Stoerung,Die Linie 9 faehrt ab 18:30 Uhr infolge einer Veranstaltung bis/ab Guisanplatz. Die Strecke Guisanplatz-Wankdorf wird bis 23:30 Uhr nicht bedient.,29.04.15 16:30,29.04.15 19:38,Wabern - Wankdorf Bahnhof
Kundgebung_oder_Veranstaltung,473,Mittwoch,300,medium,2015,4,29.04.15,9,Kundgebung oder Veranstaltung,Stoerung,Die Linie 9 faehrt infolge einer Veranstaltung bis/ab Guisanplatz. Die Strecke Guisanplatz-Wankdorf wird bis 23:30 Uhr nicht bedient.,29.04.15 18:30,29.04.15 23:30,Wabern - Wankdorf Bahnhof
Verkehrsueberlastung,474,Donnerstag,70,low,2015,4,23.04.15,10,Verkehrsueberlastung,Geplante Stoerung,23.04.2015 17:32 Uhr: Auf den Linien 10 und 11 ist infolge Verkehrueberlastung mit Verspaetungen und unregelmaessigem Betrieb zu rechnen. Dauer: unbestimmt.,23.04.15 17:33,23.04.15 18:43,Köniz Schliern - Ostermundigen Rüti
Verkehrsueberlastung,475,Donnerstag,70,low,2015,4,23.04.15,11,Verkehrsueberlastung,Geplante Stoerung,23.04.2015 17:32 Uhr: Auf den Linien 10 und 11 ist infolge Verkehrueberlastung mit Verspaetungen und unregelmaessigem Betrieb zu rechnen. Dauer: unbestimmt.,23.04.15 17:33,23.04.15 18:43,Holligen - Neufeld P+R
Verkehrsueberlastung,476,Donnerstag,70,low,2015,4,23.04.15,11,Verkehrsueberlastung,Geplante Stoerung,23.04.2015 17:32 Uhr: Auf den Linien 10 und 11 ist infolge Verkehrueberlastung mit Verspaetungen und unregelmaessigem Betrieb zu rechnen. Dauer: unbestimmt.,23.04.15 17:33,23.04.15 18:43,Holligen - Neufeld P+R
Verkehrsunfall,477,Freitag,40,low,2015,4,24.04.15,9,Verkehrsunfall,Geplante Stoerung,24.04.2015 05:35 Uhr: Auf der Linie 9 ist infolge eines Verkehrsunfalls die Strecke zwischen Guisanplatz Expo und Wankdorf Bahnhof nicht bedient. Dauer: ca. 30 Min.,24.04.15 05:36,24.04.15 06:16,Wabern - Wankdorf Bahnhof
Verkehrsueberlastung,478,Freitag,41,low,2015,4,24.04.15,11,Verkehrsueberlastung,Geplante Stoerung,24.04.2015 07:46 Uhr: Auf der Linie 11 ist infolge Verkehrueberlastung mit unregelmaessigem Betrieb zu rechnen. Dauer: unbestimmt.,24.04.15 07:47,24.04.15 08:27,Holligen - Neufeld P+R
Verkehrsueberlastung,479,Freitag,41,low,2015,4,24.04.15,11,Verkehrsueberlastung,Geplante Stoerung,24.04.2015 07:46 Uhr: Auf der Linie 11 ist infolge Verkehrueberlastung mit unregelmaessigem Betrieb zu rechnen. Dauer: unbestimmt.,24.04.15 07:47,24.04.15 08:27,Holligen - Neufeld P+R
Fahrzeugpanne,480,Freitag,29,verylow,2015,4,24.04.15,7,Fahrzeugpanne,Geplante Stoerung,24.04.2015 14:16 Uhr: Auf der Linie 7 ist infolge einer Fahrzeugpanne mit unregelmaessigem Betrieb zu rechnen. Dauer: ca. 30 Min.,24.04.15 14:16,24.04.15 14:44,Bümpliz - Ostring
Betriebsstoerung,481,Freitag,27,verylow,2015,4,24.04.15,8,Betriebsstoerung,Geplante Stoerung,24.04.2015 17:20 Uhr: Auf der Linie 8 ist infolge einer Betriebsstoerung mit Verspaetungen zu rechnen. Dauer: ca. 30 Min.,24.04.15 17:21,24.04.15 17:47,Brünnen Westside Bahnhof - Saali
Kundgebung_oder_Veranstaltung,482,Samstag,53,low,2015,4,25.04.15,6,Kundgebung oder Veranstaltung,Geplante Stoerung,25.04.2015 15:36 Uhr: Auf den Linien 6 7 8 9 und 12 ist infolge einer Kundgebung in der Innenstadt mit Verspaetungen und unregelmaessigem Betrieb zu rechnen. Dauer: unbestimmt.,25.04.15 15:37,25.04.15 16:30,Fischermätteli - Worb Dorf
Kundgebung_oder_Veranstaltung,483,Samstag,53,low,2015,4,25.04.15,7,Kundgebung oder Veranstaltung,Geplante Stoerung,25.04.2015 15:36 Uhr: Auf den Linien 6 7 8 9 und 12 ist infolge einer Kundgebung in der Innenstadt mit Verspaetungen und unregelmaessigem Betrieb zu rechnen. Dauer: unbestimmt.,25.04.15 15:37,25.04.15 16:30,Bümpliz - Ostring
Kundgebung_oder_Veranstaltung,484,Samstag,53,low,2015,4,25.04.15,8,Kundgebung oder Veranstaltung,Geplante Stoerung,25.04.2015 15:36 Uhr: Auf den Linien 6 7 8 9 und 12 ist infolge einer Kundgebung in der Innenstadt mit Verspaetungen und unregelmaessigem Betrieb zu rechnen. Dauer: unbestimmt.,25.04.15 15:37,25.04.15 16:30,Brünnen Westside Bahnhof - Saali
Kundgebung_oder_Veranstaltung,485,Samstag,53,low,2015,4,25.04.15,9,Kundgebung oder Veranstaltung,Geplante Stoerung,25.04.2015 15:36 Uhr: Auf den Linien 6 7 8 9 und 12 ist infolge einer Kundgebung in der Innenstadt mit Verspaetungen und unregelmaessigem Betrieb zu rechnen. Dauer: unbestimmt.,25.04.15 15:37,25.04.15 16:30,Wabern - Wankdorf Bahnhof
Kundgebung_oder_Veranstaltung,486,Samstag,53,low,2015,4,25.04.15,12,Kundgebung oder Veranstaltung,Geplante Stoerung,25.04.2015 15:36 Uhr: Auf den Linien 6 7 8 9 und 12 ist infolge einer Kundgebung in der Innenstadt mit Verspaetungen und unregelmaessigem Betrieb zu rechnen. Dauer: unbestimmt.,25.04.15 15:37,25.04.15 16:30,Längasse - Zentrum Paul Klee
Kundgebung_oder_Veranstaltung,487,Samstag,53,low,2015,4,25.04.15,12,Kundgebung oder Veranstaltung,Geplante Stoerung,25.04.2015 15:36 Uhr: Auf den Linien 6 7 8 9 und 12 ist infolge einer Kundgebung in der Innenstadt mit Verspaetungen und unregelmaessigem Betrieb zu rechnen. Dauer: unbestimmt.,25.04.15 15:37,25.04.15 16:30,Längasse - Zentrum Paul Klee
Kundgebung_oder_Veranstaltung,488,Samstag,22,verylow,2015,4,25.04.15,11,Kundgebung oder Veranstaltung,Geplante Stoerung,25.04.2015 16:26 Uhr: Auf den Linien 11 20 und 21 ist infolge einer Kundgebung mit unregelmaessigem Betrieb zu rechnen. Dauer: unbestimmt.,25.04.15 16:26,25.04.15 16:48,Holligen - Neufeld P+R
Kundgebung_oder_Veranstaltung,489,Samstag,22,verylow,2015,4,25.04.15,20,Kundgebung oder Veranstaltung,Geplante Stoerung,25.04.2015 16:26 Uhr: Auf den Linien 11 20 und 21 ist infolge einer Kundgebung mit unregelmaessigem Betrieb zu rechnen. Dauer: unbestimmt.,25.04.15 16:26,25.04.15 16:48,Bern Bahnhof - Wankdorf Bahnhof
Kundgebung_oder_Veranstaltung,490,Samstag,22,verylow,2015,4,25.04.15,11,Kundgebung oder Veranstaltung,Geplante Stoerung,25.04.2015 16:26 Uhr: Auf den Linien 11 20 und 21 ist infolge einer Kundgebung mit unregelmaessigem Betrieb zu rechnen. Dauer: unbestimmt.,25.04.15 16:26,25.04.15 16:48,Holligen - Neufeld P+R
Kundgebung_oder_Veranstaltung,491,Samstag,22,verylow,2015,4,25.04.15,20,Kundgebung oder Veranstaltung,Geplante Stoerung,25.04.2015 16:26 Uhr: Auf den Linien 11 20 und 21 ist infolge einer Kundgebung mit unregelmaessigem Betrieb zu rechnen. Dauer: unbestimmt.,25.04.15 16:26,25.04.15 16:48,Bern Bahnhof - Wankdorf Bahnhof
Fahrzeugpanne,492,Montag,14,verylow,2015,4,27.04.15,9,Fahrzeugpanne,Geplante Stoerung,27.04.2015 07:41 Uhr: Auf der Linie 9 ist infolge einer Fahrzeugpanne mit Verspaetungen zu rechnen.,27.04.15 07:42,27.04.15 07:55,Wabern - Wankdorf Bahnhof
Fahrzeugpanne,493,Montag,14,verylow,2015,4,27.04.15,9,Fahrzeugpanne,Geplante Stoerung,27.04.2015 07:41 Uhr: Auf der Linie 9 ist infolge einer Fahrzeugpanne mit Verspaetungen zu rechnen.,27.04.15 07:42,27.04.15 07:55,Wabern - Wankdorf Bahnhof
Verkehrsueberlastung,494,Montag,75,low,2015,4,27.04.15,160,Verkehrsueberlastung,Geplante Stoerung,27.04.2015 08:53 Uhr: Auf der Linie 160 kommt es infolge Verkehrueberlastung weiterhin zu groesseren Verspaetungen und unregelmaessigem Betrieb.,27.04.15 08:56,27.04.15 10:10,Konolfingen - Belp
Verkehrsueberlastung,495,Montag,181,medium,2015,4,27.04.15,160,Verkehrsueberlastung,Geplante Stoerung,27.04.2015 08:53 Uhr: Auf der Linie 160 kommt es infolge Verkehrueberlastung weiterhin zu groesseren Verspaetungen und unregelmaessigem Betrieb.,27.04.15 07:10,27.04.15 10:11,Konolfingen - Belp
Verspaetungen_Allgemein,496,Montag,94,low,2015,4,27.04.15,10,Verspaetungen Allgemein,Stoerung,Auf der Linie 10 ist infolge BEA Rueckreiseverkehr mit Verspaetungen und unregelmaessigem Betrieb zu rechnen.,27.04.15 17:19,27.04.15 18:53,Köniz Schliern - Ostermundigen Rüti
Fahrzeugpanne,497,Montag,52,low,2015,4,27.04.15,9,Fahrzeugpanne,Geplante Stoerung,27.04.2015 21:56 Uhr: Auf der Linie 9 ist infolge einer Fahrzeugpanne auf der Strecke zwischen Bern Bahnhof und Wankdorf Bahnhof mit Verspaetungen und Kursausfaellen zu rechnen. Es werden Ersatzbusse eingesetzt. Dauer: unbestimmt.,27.04.15 21:57,27.04.15 22:48,Wabern - Wankdorf Bahnhof
Fahrzeugpanne,498,Montag,52,low,2015,4,27.04.15,9,Fahrzeugpanne,Geplante Stoerung,27.04.2015 21:56 Uhr: Auf der Linie 9 ist infolge einer Fahrzeugpanne auf der Strecke zwischen Bern Bahnhof und Wankdorf Bahnhof mit Verspaetungen und Kursausfaellen zu rechnen. Es werden Ersatzbusse eingesetzt. Dauer: unbestimmt.,27.04.15 21:57,27.04.15 22:48,Wabern - Wankdorf Bahnhof
Bauarbeiten,499,Dienstag,140,medium,2015,4,28.04.15,10,Bauarbeiten,Stoerung,Die Linien 10 und 19 sind infolge einer Baustelle in der Amthausgasse stadteinwaerts durch die Markt-/Spitalgasse umgeleitet.,28.04.15 22:00,29.04.15 00:20,Köniz Schliern - Ostermundigen Rüti
Bauarbeiten,500,Dienstag,140,medium,2015,4,28.04.15,19,Bauarbeiten,Stoerung,Die Linien 10 und 19 sind infolge einer Baustelle in der Amthausgasse stadteinwaerts durch die Markt-/Spitalgasse umgeleitet.,28.04.15 22:00,29.04.15 00:20,Blinzern - Elfenau
Bauarbeiten,501,Mittwoch,140,medium,2015,4,29.04.15,10,Bauarbeiten,Stoerung,Die Linien 10 und 19 sind infolge einer Baustelle in der Amthausgasse stadteinwaerts durch die Markt-/Spitalgasse umgeleitet.,29.04.15 22:00,30.04.15 00:20,Köniz Schliern - Ostermundigen Rüti
Bauarbeiten,502,Mittwoch,140,medium,2015,4,29.04.15,19,Bauarbeiten,Stoerung,Die Linien 10 und 19 sind infolge einer Baustelle in der Amthausgasse stadteinwaerts durch die Markt-/Spitalgasse umgeleitet.,29.04.15 22:00,30.04.15 00:20,Blinzern - Elfenau
Verkehrsueberlastung,503,Dienstag,69,low,2015,4,28.04.15,10,Verkehrsueberlastung,Geplante Stoerung,28.04.2015 17:50 Uhr: Auf den Linien 10 und 28 ist infolge Verkehrueberlastung mit Verspaetungen und unregelmaessigem Betrieb zu rechnen. Dauer: unbestimmt.,28.04.15 17:50,28.04.15 18:59,Köniz Schliern - Ostermundigen Rüti
Verkehrsunfall,504,Mittwoch,215,medium,2015,4,29.04.15,10,Verkehrsunfall,Geplante Stoerung,29.04.2015 15:55 Uhr: Auf der Linie 10 ist infolge eines Verkehrsunfalls mit Verspaetungen und unregelmaessigem Betrieb zu rechnen.,29.04.15 15:55,29.04.15 19:29,Köniz Schliern - Ostermundigen Rüti
Verkehrsueberlastung,505,Mittwoch,43,low,2015,4,29.04.15,7,Verkehrsueberlastung,Geplante Stoerung,29.04.2015 17:27 Uhr: Auf den Linien 6 7 und 8 ist infolge Verkehrueberlastung mit Verspaetungen und unregelmaessigem Betrieb zu rechnen.,29.04.15 17:28,29.04.15 18:10,Bümpliz - Ostring
Verkehrsueberlastung,506,Mittwoch,43,low,2015,4,29.04.15,8,Verkehrsueberlastung,Geplante Stoerung,29.04.2015 17:27 Uhr: Auf den Linien 6 7 und 8 ist infolge Verkehrueberlastung mit Verspaetungen und unregelmaessigem Betrieb zu rechnen.,29.04.15 17:28,29.04.15 18:10,Brünnen Westside Bahnhof - Saali
Verkehrsueberlastung,507,Mittwoch,43,low,2015,4,29.04.15,6,Verkehrsueberlastung,Geplante Stoerung,29.04.2015 17:27 Uhr: Auf den Linien 6 7 und 8 ist infolge Verkehrueberlastung mit Verspaetungen und unregelmaessigem Betrieb zu rechnen.,29.04.15 17:28,29.04.15 18:10,Fischermätteli - Worb Dorf
Verkehrsunfall,508,Mittwoch,26,verylow,2015,4,29.04.15,9,Verkehrsunfall,Geplante Stoerung,29.04.2015 17:53 Uhr: Auf der Linie 9 ist infolge eines Verkehrsunfalls die Strecke zwischen Wankdorf Bahnhof und Bahnhof unterbrochen.,29.04.15 17:54,29.04.15 18:19,Wabern - Wankdorf Bahnhof
Verkehrsunfall,509,Mittwoch,26,verylow,2015,4,29.04.15,9,Verkehrsunfall,Geplante Stoerung,29.04.2015 17:53 Uhr: Auf der Linie 9 ist infolge eines Verkehrsunfalls die Strecke zwischen Wankdorf Bahnhof und Bahnhof unterbrochen.,29.04.15 17:54,29.04.15 18:19,Wabern - Wankdorf Bahnhof
Verkehrsunfall,510,Mittwoch,25,verylow,2015,4,29.04.15,9,Verkehrsunfall,Geplante Stoerung,29.04.2015 17:45 Uhr: Auf der Linie 9 ist infolge eines Verkehrsunfalls mit Verspaetungen und unregelmaessigem Betrieb zu rechnen. Dauer: unbestimmt.,29.04.15 17:45,29.04.15 18:09,Wabern - Wankdorf Bahnhof
Verkehrsunfall,511,Mittwoch,25,verylow,2015,4,29.04.15,9,Verkehrsunfall,Geplante Stoerung,29.04.2015 17:45 Uhr: Auf der Linie 9 ist infolge eines Verkehrsunfalls mit Verspaetungen und unregelmaessigem Betrieb zu rechnen. Dauer: unbestimmt.,29.04.15 17:45,29.04.15 18:09,Wabern - Wankdorf Bahnhof
Verkehrsueberlastung,512,Mittwoch,90,low,2015,4,29.04.15,6,Verkehrsueberlastung,Geplante Stoerung,29.04.2015 17:28 Uhr: Auf der Linie 6 ist infolge Verkehrueberlastung mit Verspaetungen und unregelmaessigem Betrieb zu rechnen. Dauer: unbestimmt.,29.04.15 17:28,29.04.15 18:57,Fischermätteli - Worb Dorf
Verkehrsunfall,513,Mittwoch,58,low,2015,4,29.04.15,9,Verkehrsunfall,Geplante Stoerung,29.04.2015 18:30 Uhr: Auf der Linie 9 ist infolge eines Verkehrsunfalls mit Verspaetungen und unregelmaessigem Betrieb zu rechnen. Dauer: bis ca. 19:30 Uhr.,29.04.15 18:31,29.04.15 19:29,Wabern - Wankdorf Bahnhof
Verkehrsunfall,514,Mittwoch,58,low,2015,4,29.04.15,9,Verkehrsunfall,Geplante Stoerung,29.04.2015 18:30 Uhr: Auf der Linie 9 ist infolge eines Verkehrsunfalls mit Verspaetungen und unregelmaessigem Betrieb zu rechnen. Dauer: bis ca. 19:30 Uhr.,29.04.15 18:31,29.04.15 19:29,Wabern - Wankdorf Bahnhof
Fahrzeugpanne,515,Mittwoch,28,verylow,2015,4,29.04.15,12,Fahrzeugpanne,Geplante Stoerung,29.04.2015 20:00 Uhr: Auf der Linie 12 ist infolge einer Fahrzeugpanne mit Verspaetungen und unregelmaessigem Betrieb zu rechnen. Dauer: ca. 30 Min.,29.04.15 20:01,29.04.15 20:29,Längasse - Zentrum Paul Klee
Fahrzeugpanne,516,Mittwoch,28,verylow,2015,4,29.04.15,12,Fahrzeugpanne,Geplante Stoerung,29.04.2015 20:00 Uhr: Auf der Linie 12 ist infolge einer Fahrzeugpanne mit Verspaetungen und unregelmaessigem Betrieb zu rechnen. Dauer: ca. 30 Min.,29.04.15 20:01,29.04.15 20:29,Längasse - Zentrum Paul Klee
Verkehrsunfall,517,Donnerstag,28,verylow,2015,4,30.04.15,10,Verkehrsunfall,Geplante Stoerung,30.04.2015 12:17 Uhr: Infolge Verkehrsunfalls werden die Linien 10 und 19 stadteinwaerts via Marktgasse/Spittalgasse umgeleitet.,30.04.15 12:20,30.04.15 12:47,Köniz Schliern - Ostermundigen Rüti
Verkehrsunfall,518,Donnerstag,28,verylow,2015,4,30.04.15,19,Verkehrsunfall,Geplante Stoerung,30.04.2015 12:17 Uhr: Infolge Verkehrsunfalls werden die Linien 10 und 19 stadteinwaerts via Marktgasse/Spittalgasse umgeleitet.,30.04.15 12:20,30.04.15 12:47,Blinzern - Elfenau
Verkehrsueberlastung,519,Donnerstag,52,low,2015,4,30.04.15,10,Verkehrsueberlastung,Geplante Stoerung,30.04.2015 17:40 Uhr: Auf der Linie 10 ist infolge Verkehrueberlastung mit Verspaetungen und unregelmaessigem Betrieb zu rechnen. Dauer: unbestimmt.,30.04.15 17:40,30.04.15 18:32,Köniz Schliern - Ostermundigen Rüti
Fahrzeugpanne,520,Freitag,27,verylow,2015,5,01.05.15,8,Fahrzeugpanne,Stoerung,Auf der Linie 8 faellt infolge einer Fahrzeugpanne der Kurs um 05:55 Uhr ab Saali Richtung Bruennen Westside Bahnhof aus. Die naechste Abfahrt erfolgt um 06:05 Uhr.  ,01.05.15 05:45,01.05.15 06:12,Brünnen Westside Bahnhof - Saali
Kundgebung_oder_Veranstaltung,521,Freitag,59,low,2015,5,01.05.15,6,Kundgebung oder Veranstaltung,Stoerung,Auf den Linien 6 7 8 9 und 12 ist infolge einer Kundgebung mit Verspaetungen und unregelmaessigem Betrieb zu rechnen.,01.05.15 11:31,01.05.15 12:30,Fischermätteli - Worb Dorf
Kundgebung_oder_Veranstaltung,522,Freitag,59,low,2015,5,01.05.15,7,Kundgebung oder Veranstaltung,Stoerung,Auf den Linien 6 7 8 9 und 12 ist infolge einer Kundgebung mit Verspaetungen und unregelmaessigem Betrieb zu rechnen.,01.05.15 11:31,01.05.15 12:30,Bümpliz - Ostring
Kundgebung_oder_Veranstaltung,523,Freitag,59,low,2015,5,01.05.15,8,Kundgebung oder Veranstaltung,Stoerung,Auf den Linien 6 7 8 9 und 12 ist infolge einer Kundgebung mit Verspaetungen und unregelmaessigem Betrieb zu rechnen.,01.05.15 11:31,01.05.15 12:30,Brünnen Westside Bahnhof - Saali
Kundgebung_oder_Veranstaltung,524,Freitag,59,low,2015,5,01.05.15,9,Kundgebung oder Veranstaltung,Stoerung,Auf den Linien 6 7 8 9 und 12 ist infolge einer Kundgebung mit Verspaetungen und unregelmaessigem Betrieb zu rechnen.,01.05.15 11:31,01.05.15 12:30,Wabern - Wankdorf Bahnhof
Kundgebung_oder_Veranstaltung,525,Freitag,59,low,2015,5,01.05.15,12,Kundgebung oder Veranstaltung,Stoerung,Auf den Linien 6 7 8 9 und 12 ist infolge einer Kundgebung mit Verspaetungen und unregelmaessigem Betrieb zu rechnen.,01.05.15 11:31,01.05.15 12:30,Längasse - Zentrum Paul Klee
Kundgebung_oder_Veranstaltung,526,Freitag,59,low,2015,5,01.05.15,9,Kundgebung oder Veranstaltung,Stoerung,Auf den Linien 6 7 8 9 und 12 ist infolge einer Kundgebung mit Verspaetungen und unregelmaessigem Betrieb zu rechnen.,01.05.15 11:31,01.05.15 12:30,Wabern - Wankdorf Bahnhof
Kundgebung_oder_Veranstaltung,527,Freitag,59,low,2015,5,01.05.15,12,Kundgebung oder Veranstaltung,Stoerung,Auf den Linien 6 7 8 9 und 12 ist infolge einer Kundgebung mit Verspaetungen und unregelmaessigem Betrieb zu rechnen.,01.05.15 11:31,01.05.15 12:30,Längasse - Zentrum Paul Klee
Verspaetungen_Allgemein,528,Freitag,68,low,2015,5,01.05.15,6,Verspaetungen Allgemein,Stoerung,Die Strecke ist wieder durchgehend befahrbar. Es muss noch mit Verspaetungen gerechnet werden.,01.05.15 23:31,02.05.15 00:39,Fischermätteli - Worb Dorf
Verspaetungen_Allgemein,529,Freitag,68,low,2015,5,01.05.15,7,Verspaetungen Allgemein,Stoerung,Die Strecke ist wieder durchgehend befahrbar. Es muss noch mit Verspaetungen gerechnet werden.,01.05.15 23:31,02.05.15 00:39,Bümpliz - Ostring
Verspaetungen_Allgemein,530,Freitag,68,low,2015,5,01.05.15,8,Verspaetungen Allgemein,Stoerung,Die Strecke ist wieder durchgehend befahrbar. Es muss noch mit Verspaetungen gerechnet werden.,01.05.15 23:31,02.05.15 00:39,Brünnen Westside Bahnhof - Saali
Verspaetungen_Allgemein,531,Freitag,68,low,2015,5,01.05.15,9,Verspaetungen Allgemein,Stoerung,Die Strecke ist wieder durchgehend befahrbar. Es muss noch mit Verspaetungen gerechnet werden.,01.05.15 23:31,02.05.15 00:39,Wabern - Wankdorf Bahnhof
Verspaetungen_Allgemein,532,Freitag,68,low,2015,5,01.05.15,12,Verspaetungen Allgemein,Stoerung,Die Strecke ist wieder durchgehend befahrbar. Es muss noch mit Verspaetungen gerechnet werden.,01.05.15 23:31,02.05.15 00:39,Längasse - Zentrum Paul Klee
Verspaetungen_Allgemein,533,Freitag,68,low,2015,5,01.05.15,9,Verspaetungen Allgemein,Stoerung,Die Strecke ist wieder durchgehend befahrbar. Es muss noch mit Verspaetungen gerechnet werden.,01.05.15 23:31,02.05.15 00:39,Wabern - Wankdorf Bahnhof
Verspaetungen_Allgemein,534,Freitag,68,low,2015,5,01.05.15,12,Verspaetungen Allgemein,Stoerung,Die Strecke ist wieder durchgehend befahrbar. Es muss noch mit Verspaetungen gerechnet werden.,01.05.15 23:31,02.05.15 00:39,Längasse - Zentrum Paul Klee
Verkehrsueberlastung,535,Montag,50,low,2015,5,04.05.15,11,Verkehrsueberlastung,Geplante Stoerung,04.05.2015 08:27 Uhr: Auf der Linie 11 ist infolge Verkehrueberlastung mit Verspaetungen und unregelmaessigem Betrieb zu rechnen. Dauer: unbestimmt.,04.05.15 08:28,04.05.15 09:18,Holligen - Neufeld P+R
Verkehrsueberlastung,536,Montag,50,low,2015,5,04.05.15,11,Verkehrsueberlastung,Geplante Stoerung,04.05.2015 08:27 Uhr: Auf der Linie 11 ist infolge Verkehrueberlastung mit Verspaetungen und unregelmaessigem Betrieb zu rechnen. Dauer: unbestimmt.,04.05.15 08:28,04.05.15 09:18,Holligen - Neufeld P+R
Verkehrsunfall,537,Montag,123,medium,2015,5,04.05.15,6,Verkehrsunfall,Geplante Stoerung,04.05.2015 06:45 Uhr: Auf den Linien 6 7 und 8 war infolge eines Verkehrsunfalls die Strecke zwischen Bern Bahnhof und Buempliz Unterfuehrung unterbrochen. Die Unfallstelle ist geraeumt es kommt jedoch zu Verspaetungen.,04.05.15 06:49,04.05.15 08:52,Fischermätteli - Worb Dorf
Verkehrsunfall,538,Montag,123,medium,2015,5,04.05.15,7,Verkehrsunfall,Geplante Stoerung,04.05.2015 06:45 Uhr: Auf den Linien 6 7 und 8 war infolge eines Verkehrsunfalls die Strecke zwischen Bern Bahnhof und Buempliz Unterfuehrung unterbrochen. Die Unfallstelle ist geraeumt es kommt jedoch zu Verspaetungen.,04.05.15 06:49,04.05.15 08:52,Bümpliz - Ostring
Verkehrsunfall,539,Montag,123,medium,2015,5,04.05.15,8,Verkehrsunfall,Geplante Stoerung,04.05.2015 06:45 Uhr: Auf den Linien 6 7 und 8 war infolge eines Verkehrsunfalls die Strecke zwischen Bern Bahnhof und Buempliz Unterfuehrung unterbrochen. Die Unfallstelle ist geraeumt es kommt jedoch zu Verspaetungen.,04.05.15 06:49,04.05.15 08:52,Brünnen Westside Bahnhof - Saali
Verkehrsueberlastung,540,Montag,61,low,2015,5,04.05.15,20,Verkehrsueberlastung,Geplante Stoerung,04.05.2015 11:03 Uhr: Auf der Linie 20 ist infolge Verkehrueberlastung mit Verspaetungen und unregelmaessigem Betrieb zu rechnen. Dauer: unbestimmt.,04.05.15 11:04,04.05.15 12:04,Bern Bahnhof - Wankdorf Bahnhof
Verkehrsueberlastung,541,Montag,61,low,2015,5,04.05.15,20,Verkehrsueberlastung,Geplante Stoerung,04.05.2015 11:03 Uhr: Auf der Linie 20 ist infolge Verkehrueberlastung mit Verspaetungen und unregelmaessigem Betrieb zu rechnen. Dauer: unbestimmt.,04.05.15 11:04,04.05.15 12:04,Bern Bahnhof - Wankdorf Bahnhof
Verkehrsueberlastung,542,Montag,78,low,2015,5,04.05.15,10,Verkehrsueberlastung,Geplante Stoerung,04.05.2015 17:30 Uhr: Auf der Linie 10 ist infolge Verkehrueberlastung mit Verspaetungen und unregelmaessigem Betrieb zu rechnen. Dauer: unbestimmt.,04.05.15 17:31,04.05.15 18:48,Köniz Schliern - Ostermundigen Rüti
Polizei_Feuerwehr_Sanitaet,543,Dienstag,42,low,2015,5,05.05.15,3,Polizei und Rettung,Geplante Stoerung,05.05.2015 10:20 Uhr: Auf der Linie 3 ist infolge eines Feuerwehreinsatzes mit Verspaetungen und unregelmaessigem Betrieb zu rechnen. Es werden Tramersatz Busse eingesetzt. Dauer: unbestimmt.,05.05.15 10:22,05.05.15 11:04,Bern Bahnhof - Weissenbühl
Polizei_Feuerwehr_Sanitaet,544,Dienstag,54,low,2015,5,05.05.15,17,Polizei und Rettung,Geplante Stoerung,05.05.2015 10:27 Uhr: Auf der Linie 17 ist infolge eines Feuerwehreinsatzes die Strecke zwischen Hasler und Hirschengraben stadteinwaerts via Sulgeneckstrasse umgeleitet. Die Haltestelle Kocherpark wird nicht bedient. Dauer: unbestimmt.,05.05.15 10:32,05.05.15 11:26,Bern Bahnhof - Köniz Weiermatt
Polizei_Feuerwehr_Sanitaet,545,Dienstag,31,low,2015,5,05.05.15,3,Polizei und Rettung,Geplante Stoerung,05.05.2015 10:59 Uhr: Auf der Linie 3 ist infolge eines Feuerwehreinsatzes die Strecke zwischen Hirschengraben und Eigerplatz via Monbijou umgeleitet. Es fahren Tram Ersatzbusse. Die Haltestellen Kocherpark und Hasler werden nicht bedient. Dauer: unbestimmt.,05.05.15 11:03,05.05.15 11:34,Bern Bahnhof - Weissenbühl
Kundgebung_oder_Veranstaltung,546,Samstag,519,medium,2015,5,09.05.15,7,Kundgebung oder Veranstaltung,Stoerung,Auf den Linien 6 7 8 9 10 12 und 19 ist infolge des Grand Prix mit weitraeumigen Umleitungen und unregelmaessigem Betrieb zu rechnen.,09.05.15 11:30,09.05.15 20:08,Bümpliz - Ostring
Kundgebung_oder_Veranstaltung,547,Samstag,519,medium,2015,5,09.05.15,8,Kundgebung oder Veranstaltung,Stoerung,Auf den Linien 6 7 8 9 10 12 und 19 ist infolge des Grand Prix mit weitraeumigen Umleitungen und unregelmaessigem Betrieb zu rechnen.,09.05.15 11:30,09.05.15 20:08,Brünnen Westside Bahnhof - Saali
Kundgebung_oder_Veranstaltung,548,Samstag,519,medium,2015,5,09.05.15,9,Kundgebung oder Veranstaltung,Stoerung,Auf den Linien 6 7 8 9 10 12 und 19 ist infolge des Grand Prix mit weitraeumigen Umleitungen und unregelmaessigem Betrieb zu rechnen.,09.05.15 11:30,09.05.15 20:08,Wabern - Wankdorf Bahnhof
Kundgebung_oder_Veranstaltung,549,Samstag,519,medium,2015,5,09.05.15,10,Kundgebung oder Veranstaltung,Stoerung,Auf den Linien 6 7 8 9 10 12 und 19 ist infolge des Grand Prix mit weitraeumigen Umleitungen und unregelmaessigem Betrieb zu rechnen.,09.05.15 11:30,09.05.15 20:08,Köniz Schliern - Ostermundigen Rüti
Kundgebung_oder_Veranstaltung,550,Samstag,519,medium,2015,5,09.05.15,12,Kundgebung oder Veranstaltung,Stoerung,Auf den Linien 6 7 8 9 10 12 und 19 ist infolge des Grand Prix mit weitraeumigen Umleitungen und unregelmaessigem Betrieb zu rechnen.,09.05.15 11:30,09.05.15 20:08,Längasse - Zentrum Paul Klee
Kundgebung_oder_Veranstaltung,551,Samstag,519,medium,2015,5,09.05.15,19,Kundgebung oder Veranstaltung,Stoerung,Auf den Linien 6 7 8 9 10 12 und 19 ist infolge des Grand Prix mit weitraeumigen Umleitungen und unregelmaessigem Betrieb zu rechnen.,09.05.15 11:30,09.05.15 20:08,Blinzern - Elfenau
Kundgebung_oder_Veranstaltung,552,Samstag,519,medium,2015,5,09.05.15,12,Kundgebung oder Veranstaltung,Stoerung,Auf den Linien 6 7 8 9 10 12 und 19 ist infolge des Grand Prix mit weitraeumigen Umleitungen und unregelmaessigem Betrieb zu rechnen.,09.05.15 11:30,09.05.15 20:08,Längasse - Zentrum Paul Klee
Kundgebung_oder_Veranstaltung,553,Samstag,519,medium,2015,5,09.05.15,6,Kundgebung oder Veranstaltung,Stoerung,Auf den Linien 6 7 8 9 10 12 und 19 ist infolge des Grand Prix mit weitraeumigen Umleitungen und unregelmaessigem Betrieb zu rechnen.,09.05.15 11:30,09.05.15 20:08,Fischermätteli - Worb Dorf
Verkehrsueberlastung,554,Donnerstag,45,low,2015,5,07.05.15,10,Verkehrsueberlastung,Stoerung,Auf der Linie 10 ist infolge Verkehrueberlastung mit unregelmaessigem Betrieb zu rechnen.,07.05.15 17:30,07.05.15 18:15,Köniz Schliern - Ostermundigen Rüti
Kundgebung_oder_Veranstaltung,555,Donnerstag,93,low,2015,5,07.05.15,17,Kundgebung oder Veranstaltung,Stoerung,Infolge Kundgebung wird die Haltestelle Bern Bahnhof der Linien 17 und 19 zum Perron L verschoben.,07.05.15 18:18,07.05.15 19:51,Bern Bahnhof - Köniz Weiermatt
Kundgebung_oder_Veranstaltung,556,Donnerstag,93,low,2015,5,07.05.15,19,Kundgebung oder Veranstaltung,Stoerung,Infolge Kundgebung wird die Haltestelle Bern Bahnhof der Linien 17 und 19 zum Perron L verschoben.,07.05.15 18:18,07.05.15 19:51,Blinzern - Elfenau
Kundgebung_oder_Veranstaltung,557,Donnerstag,78,low,2015,5,07.05.15,3,Kundgebung oder Veranstaltung,Stoerung,Auf den Linien 3 6 7 8 und 9 ist infolge einer Kundgebung mit Verspaetungen und unregelmaessigem Betrieb zu rechnen. Dauer: unbestimmt.,07.05.15 19:37,07.05.15 20:55,Bern Bahnhof - Weissenbühl
Kundgebung_oder_Veranstaltung,558,Donnerstag,78,low,2015,5,07.05.15,6,Kundgebung oder Veranstaltung,Stoerung,Auf den Linien 3 6 7 8 und 9 ist infolge einer Kundgebung mit Verspaetungen und unregelmaessigem Betrieb zu rechnen. Dauer: unbestimmt.,07.05.15 19:37,07.05.15 20:55,Fischermätteli - Worb Dorf
Kundgebung_oder_Veranstaltung,559,Donnerstag,78,low,2015,5,07.05.15,7,Kundgebung oder Veranstaltung,Stoerung,Auf den Linien 3 6 7 8 und 9 ist infolge einer Kundgebung mit Verspaetungen und unregelmaessigem Betrieb zu rechnen. Dauer: unbestimmt.,07.05.15 19:37,07.05.15 20:55,Bümpliz - Ostring
Kundgebung_oder_Veranstaltung,560,Donnerstag,78,low,2015,5,07.05.15,8,Kundgebung oder Veranstaltung,Stoerung,Auf den Linien 3 6 7 8 und 9 ist infolge einer Kundgebung mit Verspaetungen und unregelmaessigem Betrieb zu rechnen. Dauer: unbestimmt.,07.05.15 19:37,07.05.15 20:55,Brünnen Westside Bahnhof - Saali
Kundgebung_oder_Veranstaltung,561,Donnerstag,78,low,2015,5,07.05.15,9,Kundgebung oder Veranstaltung,Stoerung,Auf den Linien 3 6 7 8 und 9 ist infolge einer Kundgebung mit Verspaetungen und unregelmaessigem Betrieb zu rechnen. Dauer: unbestimmt.,07.05.15 19:37,07.05.15 20:55,Wabern - Wankdorf Bahnhof
Kundgebung_oder_Veranstaltung,562,Donnerstag,62,low,2015,5,07.05.15,3,Kundgebung oder Veranstaltung,Geplante Stoerung,07.05.2015 19:52 Uhr: Auf den Linien 3 6 7 8 und 9 ist infolge einer Kundgebung mit unregelmaessigem Betrieb zu rechnen. Dauer: unbestimmt.,07.05.15 19:54,07.05.15 20:55,Bern Bahnhof - Weissenbühl
Kundgebung_oder_Veranstaltung,563,Donnerstag,62,low,2015,5,07.05.15,6,Kundgebung oder Veranstaltung,Geplante Stoerung,07.05.2015 19:52 Uhr: Auf den Linien 3 6 7 8 und 9 ist infolge einer Kundgebung mit unregelmaessigem Betrieb zu rechnen. Dauer: unbestimmt.,07.05.15 19:54,07.05.15 20:55,Fischermätteli - Worb Dorf
Kundgebung_oder_Veranstaltung,564,Donnerstag,62,low,2015,5,07.05.15,7,Kundgebung oder Veranstaltung,Geplante Stoerung,07.05.2015 19:52 Uhr: Auf den Linien 3 6 7 8 und 9 ist infolge einer Kundgebung mit unregelmaessigem Betrieb zu rechnen. Dauer: unbestimmt.,07.05.15 19:54,07.05.15 20:55,Bümpliz - Ostring
Kundgebung_oder_Veranstaltung,565,Donnerstag,62,low,2015,5,07.05.15,8,Kundgebung oder Veranstaltung,Geplante Stoerung,07.05.2015 19:52 Uhr: Auf den Linien 3 6 7 8 und 9 ist infolge einer Kundgebung mit unregelmaessigem Betrieb zu rechnen. Dauer: unbestimmt.,07.05.15 19:54,07.05.15 20:55,Brünnen Westside Bahnhof - Saali
Kundgebung_oder_Veranstaltung,566,Donnerstag,62,low,2015,5,07.05.15,9,Kundgebung oder Veranstaltung,Geplante Stoerung,07.05.2015 19:52 Uhr: Auf den Linien 3 6 7 8 und 9 ist infolge einer Kundgebung mit unregelmaessigem Betrieb zu rechnen. Dauer: unbestimmt.,07.05.15 19:54,07.05.15 20:55,Wabern - Wankdorf Bahnhof
Bauarbeiten,567,Montag,140,medium,2015,5,18.05.15,10,Bauarbeiten,Stoerung,Die Linien 10 und 19 sind infolge einer Baustelle in der Amthausgasse stadteinwaerts durch die Markt-/Spitalgasse umgeleitet.,18.05.15 22:00,19.05.15 00:20,Köniz Schliern - Ostermundigen Rüti
Bauarbeiten,568,Montag,140,medium,2015,5,18.05.15,19,Bauarbeiten,Stoerung,Die Linien 10 und 19 sind infolge einer Baustelle in der Amthausgasse stadteinwaerts durch die Markt-/Spitalgasse umgeleitet.,18.05.15 22:00,19.05.15 00:20,Blinzern - Elfenau
Bauarbeiten,569,Dienstag,140,medium,2015,5,19.05.15,10,Bauarbeiten,Stoerung,Die Linien 10 und 19 sind infolge einer Baustelle in der Amthausgasse stadteinwaerts durch die Markt-/Spitalgasse umgeleitet.,19.05.15 22:00,20.05.15 00:20,Köniz Schliern - Ostermundigen Rüti
Bauarbeiten,570,Dienstag,140,medium,2015,5,19.05.15,19,Bauarbeiten,Stoerung,Die Linien 10 und 19 sind infolge einer Baustelle in der Amthausgasse stadteinwaerts durch die Markt-/Spitalgasse umgeleitet.,19.05.15 22:00,20.05.15 00:20,Blinzern - Elfenau
Bauarbeiten,571,Mittwoch,140,medium,2015,5,20.05.15,10,Bauarbeiten,Stoerung,Die Linien 10 und 19 sind infolge einer Baustelle in der Amthausgasse stadteinwaerts durch die Markt-/Spitalgasse umgeleitet.,20.05.15 22:00,21.05.15 00:20,Köniz Schliern - Ostermundigen Rüti
Bauarbeiten,572,Mittwoch,140,medium,2015,5,20.05.15,19,Bauarbeiten,Stoerung,Die Linien 10 und 19 sind infolge einer Baustelle in der Amthausgasse stadteinwaerts durch die Markt-/Spitalgasse umgeleitet.,20.05.15 22:00,21.05.15 00:20,Blinzern - Elfenau
Bauarbeiten,573,Donnerstag,140,medium,2015,5,21.05.15,10,Bauarbeiten,Stoerung,Die Linien 10 und 19 sind infolge einer Baustelle in der Amthausgasse stadteinwaerts durch die Markt-/Spitalgasse umgeleitet.,21.05.15 22:00,22.05.15 00:20,Köniz Schliern - Ostermundigen Rüti
Bauarbeiten,574,Donnerstag,140,medium,2015,5,21.05.15,19,Bauarbeiten,Stoerung,Die Linien 10 und 19 sind infolge einer Baustelle in der Amthausgasse stadteinwaerts durch die Markt-/Spitalgasse umgeleitet.,21.05.15 22:00,22.05.15 00:20,Blinzern - Elfenau
Kundgebung_oder_Veranstaltung,575,Samstag,575,medium,2015,5,09.05.15,6,Kundgebung oder Veranstaltung,Stoerung,Auf der Linie 6 ist infolge einer Veranstaltung mit unregelmaessigem Betrieb zu rechnen. Dauer: bis 09.05.2015 ca. 21:15 Uhr.,09.05.15 11:30,09.05.15 21:05,Fischermätteli - Worb Dorf
Verkehrsueberlastung,576,Dienstag,54,low,2015,5,12.05.15,20,Verkehrsueberlastung,Geplante Stoerung,12.05.2015 17:32 Uhr: Auf der Linie 20 ist infolge Verkehrueberlastung mit Verspaetungen und unregelmaessigem Betrieb zu rechnen. Dauer: unbestimmt.,12.05.15 17:32,12.05.15 18:26,Bern Bahnhof - Wankdorf Bahnhof
Verkehrsueberlastung,577,Dienstag,54,low,2015,5,12.05.15,20,Verkehrsueberlastung,Geplante Stoerung,12.05.2015 17:32 Uhr: Auf der Linie 20 ist infolge Verkehrueberlastung mit Verspaetungen und unregelmaessigem Betrieb zu rechnen. Dauer: unbestimmt.,12.05.15 17:32,12.05.15 18:26,Bern Bahnhof - Wankdorf Bahnhof
Fahrzeugpanne,578,Dienstag,25,verylow,2015,5,12.05.15,160,Fahrzeugpanne,Geplante Stoerung,12.05.2015 18:29 Uhr: Auf der Linie 160 ist infolge einer Fahrzeugpanne mit Verspaetungen und Kursausfaellen zu rechnen. Dauer: ca. 45 Min.,12.05.15 18:29,12.05.15 18:53,Konolfingen - Belp
Fahrzeugpanne,579,Donnerstag,9,verylow,2015,5,14.05.15,6,Fahrzeugpanne,Stoerung,Auf der Linie 6 faellt infolge einer Fahrzeugpanne der Kurs um 17:40 Uhr ab Bern Bahnhof Richtung Fischermaetteli aus. Die naechste Abfahrt erfolgt um 17:55 Uhr.  ,14.05.15 17:41,14.05.15 17:50,Fischermätteli - Worb Dorf
Fahrzeugpanne,580,Donnerstag,18,verylow,2015,5,14.05.15,6,Fahrzeugpanne,Stoerung,Auf der Linie 6 faellt infolge einer Fahrzeugpanne der Kurs um 17:56 Uhr ab Fischermaetteli Richtung Bern Bahnhof aus. Die naechste Abfahrt erfolgt um 18:08 Uhr.  ,14.05.15 17:49,14.05.15 18:06,Fischermätteli - Worb Dorf
Fahrzeugpanne,581,Freitag,7,verylow,2015,5,15.05.15,6,Fahrzeugpanne,Geplante Stoerung,15.05.2015 08:00 Uhr: Auf den Linien 6 7 8 und 9 ist infolge einer Fahrzeugpanne mit Verspaetungen und unregelmaessigem Betrieb zu rechnen. Dauer: unbestimmt.,15.05.15 08:01,15.05.15 08:08,Fischermätteli - Worb Dorf
Fahrzeugpanne,582,Freitag,7,verylow,2015,5,15.05.15,7,Fahrzeugpanne,Geplante Stoerung,15.05.2015 08:00 Uhr: Auf den Linien 6 7 8 und 9 ist infolge einer Fahrzeugpanne mit Verspaetungen und unregelmaessigem Betrieb zu rechnen. Dauer: unbestimmt.,15.05.15 08:01,15.05.15 08:08,Bümpliz - Ostring
Fahrzeugpanne,583,Freitag,7,verylow,2015,5,15.05.15,8,Fahrzeugpanne,Geplante Stoerung,15.05.2015 08:00 Uhr: Auf den Linien 6 7 8 und 9 ist infolge einer Fahrzeugpanne mit Verspaetungen und unregelmaessigem Betrieb zu rechnen. Dauer: unbestimmt.,15.05.15 08:01,15.05.15 08:08,Brünnen Westside Bahnhof - Saali
Fahrzeugpanne,584,Freitag,7,verylow,2015,5,15.05.15,9,Fahrzeugpanne,Geplante Stoerung,15.05.2015 08:00 Uhr: Auf den Linien 6 7 8 und 9 ist infolge einer Fahrzeugpanne mit Verspaetungen und unregelmaessigem Betrieb zu rechnen. Dauer: unbestimmt.,15.05.15 08:01,15.05.15 08:08,Wabern - Wankdorf Bahnhof
Betriebsstoerung,585,Freitag,15,verylow,2015,5,15.05.15,6,Betriebsstoerung,Geplante Stoerung,15.05.2015 08:04 Uhr: Auf den Linien 6 7 8 und 9 ist infolge einer Betriebsstoerung mit unregelmaessigem Betrieb zu rechnen. Auf der Westseite wenden die Tram in der Wallgasse. Zwischen Bahnhof und Ostring Saali fahren Tramersatz Busse. Linie 6 wendet im Depot Burgernziel.,15.05.15 08:07,15.05.15 08:21,Fischermätteli - Worb Dorf
Betriebsstoerung,586,Freitag,15,verylow,2015,5,15.05.15,7,Betriebsstoerung,Geplante Stoerung,15.05.2015 08:04 Uhr: Auf den Linien 6 7 8 und 9 ist infolge einer Betriebsstoerung mit unregelmaessigem Betrieb zu rechnen. Auf der Westseite wenden die Tram in der Wallgasse. Zwischen Bahnhof und Ostring Saali fahren Tramersatz Busse. Linie 6 wendet im Depot Burgernziel.,15.05.15 08:07,15.05.15 08:21,Bümpliz - Ostring
Betriebsstoerung,587,Freitag,15,verylow,2015,5,15.05.15,8,Betriebsstoerung,Geplante Stoerung,15.05.2015 08:04 Uhr: Auf den Linien 6 7 8 und 9 ist infolge einer Betriebsstoerung mit unregelmaessigem Betrieb zu rechnen. Auf der Westseite wenden die Tram in der Wallgasse. Zwischen Bahnhof und Ostring Saali fahren Tramersatz Busse. Linie 6 wendet im Depot Burgernziel.,15.05.15 08:07,15.05.15 08:21,Brünnen Westside Bahnhof - Saali
Betriebsstoerung,588,Freitag,15,verylow,2015,5,15.05.15,9,Betriebsstoerung,Geplante Stoerung,15.05.2015 08:04 Uhr: Auf den Linien 6 7 8 und 9 ist infolge einer Betriebsstoerung mit unregelmaessigem Betrieb zu rechnen. Auf der Westseite wenden die Tram in der Wallgasse. Zwischen Bahnhof und Ostring Saali fahren Tramersatz Busse. Linie 6 wendet im Depot Burgernziel.,15.05.15 08:07,15.05.15 08:21,Wabern - Wankdorf Bahnhof
Betriebsstoerung,589,Freitag,53,low,2015,5,15.05.15,6,Betriebsstoerung,Geplante Stoerung,15.05.2015 08:21 Uhr: Auf den Linien 6 7 und 8 ist infolge einer Betriebsstoerung mit Verspaetungen und unregelmaessigem Betrieb zu rechnen. Dauer: unbestimmt.,15.05.15 08:21,15.05.15 09:14,Fischermätteli - Worb Dorf
Betriebsstoerung,590,Freitag,53,low,2015,5,15.05.15,7,Betriebsstoerung,Geplante Stoerung,15.05.2015 08:21 Uhr: Auf den Linien 6 7 und 8 ist infolge einer Betriebsstoerung mit Verspaetungen und unregelmaessigem Betrieb zu rechnen. Dauer: unbestimmt.,15.05.15 08:21,15.05.15 09:14,Bümpliz - Ostring
Betriebsstoerung,591,Freitag,53,low,2015,5,15.05.15,8,Betriebsstoerung,Geplante Stoerung,15.05.2015 08:21 Uhr: Auf den Linien 6 7 und 8 ist infolge einer Betriebsstoerung mit Verspaetungen und unregelmaessigem Betrieb zu rechnen. Dauer: unbestimmt.,15.05.15 08:21,15.05.15 09:14,Brünnen Westside Bahnhof - Saali
Kundgebung_oder_Veranstaltung,592,Samstag,14,verylow,2015,5,16.05.15,11,Kundgebung oder Veranstaltung,Geplante Stoerung,16.05.2015 19:45 Uhr: Auf den Linien 11 20 und 21 ist infolge einer Kundgebung mit Verspaetungen und unregelmaessigem Betrieb zu rechnen. Dauer: unbestimmt.,16.05.15 19:46,16.05.15 20:00,Holligen - Neufeld P+R
Kundgebung_oder_Veranstaltung,593,Samstag,14,verylow,2015,5,16.05.15,20,Kundgebung oder Veranstaltung,Geplante Stoerung,16.05.2015 19:45 Uhr: Auf den Linien 11 20 und 21 ist infolge einer Kundgebung mit Verspaetungen und unregelmaessigem Betrieb zu rechnen. Dauer: unbestimmt.,16.05.15 19:46,16.05.15 20:00,Bern Bahnhof - Wankdorf Bahnhof
Kundgebung_oder_Veranstaltung,594,Samstag,14,verylow,2015,5,16.05.15,11,Kundgebung oder Veranstaltung,Geplante Stoerung,16.05.2015 19:45 Uhr: Auf den Linien 11 20 und 21 ist infolge einer Kundgebung mit Verspaetungen und unregelmaessigem Betrieb zu rechnen. Dauer: unbestimmt.,16.05.15 19:46,16.05.15 20:00,Holligen - Neufeld P+R
Kundgebung_oder_Veranstaltung,595,Samstag,14,verylow,2015,5,16.05.15,20,Kundgebung oder Veranstaltung,Geplante Stoerung,16.05.2015 19:45 Uhr: Auf den Linien 11 20 und 21 ist infolge einer Kundgebung mit Verspaetungen und unregelmaessigem Betrieb zu rechnen. Dauer: unbestimmt.,16.05.15 19:46,16.05.15 20:00,Bern Bahnhof - Wankdorf Bahnhof
Kundgebung_oder_Veranstaltung,596,Samstag,16,verylow,2015,5,16.05.15,11,Kundgebung oder Veranstaltung,Geplante Stoerung,16.05.2015 21:30 Uhr: Auf den Linien 11 20 und 21 ist infolge einer Kundgebung mit Verspaetungen und unregelmaessigem Betrieb zu rechnen. Dauer: ca. 30 Min.,16.05.15 21:30,16.05.15 21:46,Holligen - Neufeld P+R
Kundgebung_oder_Veranstaltung,597,Samstag,16,verylow,2015,5,16.05.15,20,Kundgebung oder Veranstaltung,Geplante Stoerung,16.05.2015 21:30 Uhr: Auf den Linien 11 20 und 21 ist infolge einer Kundgebung mit Verspaetungen und unregelmaessigem Betrieb zu rechnen. Dauer: ca. 30 Min.,16.05.15 21:30,16.05.15 21:46,Bern Bahnhof - Wankdorf Bahnhof
Kundgebung_oder_Veranstaltung,598,Samstag,16,verylow,2015,5,16.05.15,11,Kundgebung oder Veranstaltung,Geplante Stoerung,16.05.2015 21:30 Uhr: Auf den Linien 11 20 und 21 ist infolge einer Kundgebung mit Verspaetungen und unregelmaessigem Betrieb zu rechnen. Dauer: ca. 30 Min.,16.05.15 21:30,16.05.15 21:46,Holligen - Neufeld P+R
Kundgebung_oder_Veranstaltung,599,Samstag,16,verylow,2015,5,16.05.15,20,Kundgebung oder Veranstaltung,Geplante Stoerung,16.05.2015 21:30 Uhr: Auf den Linien 11 20 und 21 ist infolge einer Kundgebung mit Verspaetungen und unregelmaessigem Betrieb zu rechnen. Dauer: ca. 30 Min.,16.05.15 21:30,16.05.15 21:46,Bern Bahnhof - Wankdorf Bahnhof
Sonstige_Stoerungen,600,Samstag,2,verylow,2015,5,16.05.15,11,Sonstige Stoerungen,Geplante Stoerung,16.05.2015 21:45 Uhr: Die Linien 11 20 und 21 fahren wieder nach Fahrplan.,16.05.15 21:59,16.05.15 22:01,Holligen - Neufeld P+R
Sonstige_Stoerungen,601,Samstag,2,verylow,2015,5,16.05.15,20,Sonstige Stoerungen,Geplante Stoerung,16.05.2015 21:45 Uhr: Die Linien 11 20 und 21 fahren wieder nach Fahrplan.,16.05.15 21:59,16.05.15 22:01,Bern Bahnhof - Wankdorf Bahnhof
Sonstige_Stoerungen,602,Samstag,2,verylow,2015,5,16.05.15,11,Sonstige Stoerungen,Geplante Stoerung,16.05.2015 21:45 Uhr: Die Linien 11 20 und 21 fahren wieder nach Fahrplan.,16.05.15 21:59,16.05.15 22:01,Holligen - Neufeld P+R
Sonstige_Stoerungen,603,Samstag,2,verylow,2015,5,16.05.15,20,Sonstige Stoerungen,Geplante Stoerung,16.05.2015 21:45 Uhr: Die Linien 11 20 und 21 fahren wieder nach Fahrplan.,16.05.15 21:59,16.05.15 22:01,Bern Bahnhof - Wankdorf Bahnhof
Fahrzeugpanne,604,Sonntag,32,low,2015,5,17.05.15,160,Fahrzeugpanne,Stoerung,Auf der Linie 160 faellt infolge einer Fahrzeugpanne der Kurs um 13:04 Uhr ab Bern Flughafen Richtung Konolfingen Bahnhof aus. Die naechste Abfahrt erfolgt um 14:04 Uhr.  ,17.05.15 13:19,17.05.15 13:50,Konolfingen - Belp
Fahrzeugpanne,605,Sonntag,28,verylow,2015,5,17.05.15,160,Fahrzeugpanne,Stoerung,Auf der Linie 160 faellt infolge einer Fahrzeugpanne der Kurs um 13:59 Uhr ab Konolfingen Dorf Richtung Bern Flughafen aus. Die naechste Abfahrt erfolgt um 14:59 Uhr.  ,17.05.15 13:53,17.05.15 14:20,Konolfingen - Belp
Verkehrsunfall,606,Montag,13,verylow,2015,5,18.05.15,12,Verkehrsunfall,Geplante Stoerung,18.05.2015 19:48 Uhr: Auf der Linie 12 ist infolge eines Verkehrsunfalls mit unregelmaessigem Betrieb zu rechnen. Dauer: ca. 30 Min.,18.05.15 19:48,18.05.15 20:01,Längasse - Zentrum Paul Klee
Verkehrsunfall,607,Montag,13,verylow,2015,5,18.05.15,12,Verkehrsunfall,Geplante Stoerung,18.05.2015 19:48 Uhr: Auf der Linie 12 ist infolge eines Verkehrsunfalls mit unregelmaessigem Betrieb zu rechnen. Dauer: ca. 30 Min.,18.05.15 19:48,18.05.15 20:01,Längasse - Zentrum Paul Klee
Kundgebung_oder_Veranstaltung,608,Donnerstag,375,medium,2015,5,21.05.15,9,Kundgebung oder Veranstaltung,Stoerung,Auf der Linie 9 ist infolge einer Veranstaltung die Strecke zwischen Guisanplatz Expo und Wankdorf Bahnhof nicht bedient. Dauer: bis 21.05.2015 ca. 23:00 Uhr.,21.05.15 16:45,21.05.15 23:00,Wabern - Wankdorf Bahnhof
Bauarbeiten,609,Freitag,37,low,2015,5,22.05.15,10,Bauarbeiten,Geplante Stoerung,22.05.2015 06:32 Uhr: Auf den Linien 10 und 19 ist infolge Bauarbeiten die Strecke zwischen Zytglogge und Bern Bahnhof via Baerenplatz umgeleitet. Dauer: ca. 30 Min.,22.05.15 06:33,22.05.15 07:10,Köniz Schliern - Ostermundigen Rüti
Bauarbeiten,610,Freitag,37,low,2015,5,22.05.15,19,Bauarbeiten,Geplante Stoerung,22.05.2015 06:32 Uhr: Auf den Linien 10 und 19 ist infolge Bauarbeiten die Strecke zwischen Zytglogge und Bern Bahnhof via Baerenplatz umgeleitet. Dauer: ca. 30 Min.,22.05.15 06:33,22.05.15 07:10,Blinzern - Elfenau
Fahrzeugpanne,611,Montag,92,low,2015,6,08.06.15,6,Fahrzeugpanne,Stoerung,Auf den Linien 6 7 und 8 ist infolge einer Fahrzeugpanne mit unregelmaessigem Betrieb zu rechnen.,08.06.15 16:28,08.06.15 18:00,Fischermätteli - Worb Dorf
Fahrzeugpanne,612,Montag,92,low,2015,6,08.06.15,7,Fahrzeugpanne,Stoerung,Auf den Linien 6 7 und 8 ist infolge einer Fahrzeugpanne mit unregelmaessigem Betrieb zu rechnen.,08.06.15 16:28,08.06.15 18:00,Bümpliz - Ostring
Fahrzeugpanne,613,Montag,92,low,2015,6,08.06.15,8,Fahrzeugpanne,Stoerung,Auf den Linien 6 7 und 8 ist infolge einer Fahrzeugpanne mit unregelmaessigem Betrieb zu rechnen.,08.06.15 16:28,08.06.15 18:00,Brünnen Westside Bahnhof - Saali
Betriebsstoerung,614,Dienstag,43,low,2015,6,09.06.15,11,Betriebsstoerung,Geplante Stoerung,09.06.2015 08:25 Uhr: Auf der Linie 11 ist infolge einer Betriebsstoerung mit Verspaetungen und unregelmaessigem Betrieb zu rechnen. Dauer: ca. 1h.,09.06.15 08:25,09.06.15 09:08,Holligen - Neufeld P+R
Betriebsstoerung,615,Dienstag,43,low,2015,6,09.06.15,11,Betriebsstoerung,Geplante Stoerung,09.06.2015 08:25 Uhr: Auf der Linie 11 ist infolge einer Betriebsstoerung mit Verspaetungen und unregelmaessigem Betrieb zu rechnen. Dauer: ca. 1h.,09.06.15 08:25,09.06.15 09:08,Holligen - Neufeld P+R
Unregelmaessiger_Betrieb_und_Umleitungen,616,Donnerstag,137,medium,2015,6,11.06.15,7,Unregelmaessiger Betrieb und Umleitungen,Geplante Stoerung,11.06.2015 15:49 Uhr: Die Strecke zwischen Bern Bahnhof und Buempliz Unterfuehrung ist wieder durchgehend befahrbar. Es muss aber weiterhin mit unregelmaessigem Betrieb gerechnet werden. Dauer: ca. 1h.,11.06.15 15:51,11.06.15 18:07,Bümpliz - Ostring
Unregelmaessiger_Betrieb_und_Umleitungen,617,Donnerstag,137,medium,2015,6,11.06.15,8,Unregelmaessiger Betrieb und Umleitungen,Geplante Stoerung,11.06.2015 15:49 Uhr: Die Strecke zwischen Bern Bahnhof und Buempliz Unterfuehrung ist wieder durchgehend befahrbar. Es muss aber weiterhin mit unregelmaessigem Betrieb gerechnet werden. Dauer: ca. 1h.,11.06.15 15:51,11.06.15 18:07,Brünnen Westside Bahnhof - Saali
Verkehrsueberlastung,618,Donnerstag,81,low,2015,6,11.06.15,6,Verkehrsueberlastung,Geplante Stoerung,11.06.2015 17:28 Uhr: Auf der Linie 6 ist infolge Verkehrueberlastung mit Verspaetungen und unregelmaessigem Betrieb zu rechnen. Dauer: ca. 1h.,11.06.15 17:29,11.06.15 18:50,Fischermätteli - Worb Dorf
Kundgebung_oder_Veranstaltung,619,Sonntag,630,medium,2015,6,14.06.15,6,Kundgebung oder Veranstaltung,Stoerung,Auf den Linien 6 7 8 9 und 17 ist infolge des Frauenlaufs mit weitraeumigen Umleitungen und unregelmaessigem Betrieb zu rechnen. Dauer: bis 14.06.2015 ca. 15:30 Uhr.,14.06.15 05:00,14.06.15 15:30,Fischermätteli - Worb Dorf
Kundgebung_oder_Veranstaltung,620,Sonntag,630,medium,2015,6,14.06.15,7,Kundgebung oder Veranstaltung,Stoerung,Auf den Linien 6 7 8 9 und 17 ist infolge des Frauenlaufs mit weitraeumigen Umleitungen und unregelmaessigem Betrieb zu rechnen. Dauer: bis 14.06.2015 ca. 15:30 Uhr.,14.06.15 05:00,14.06.15 15:30,Bümpliz - Ostring
Kundgebung_oder_Veranstaltung,621,Sonntag,630,medium,2015,6,14.06.15,8,Kundgebung oder Veranstaltung,Stoerung,Auf den Linien 6 7 8 9 und 17 ist infolge des Frauenlaufs mit weitraeumigen Umleitungen und unregelmaessigem Betrieb zu rechnen. Dauer: bis 14.06.2015 ca. 15:30 Uhr.,14.06.15 05:00,14.06.15 15:30,Brünnen Westside Bahnhof - Saali
Kundgebung_oder_Veranstaltung,622,Sonntag,630,medium,2015,6,14.06.15,9,Kundgebung oder Veranstaltung,Stoerung,Auf den Linien 6 7 8 9 und 17 ist infolge des Frauenlaufs mit weitraeumigen Umleitungen und unregelmaessigem Betrieb zu rechnen. Dauer: bis 14.06.2015 ca. 15:30 Uhr.,14.06.15 05:00,14.06.15 15:30,Wabern - Wankdorf Bahnhof
Kundgebung_oder_Veranstaltung,623,Sonntag,630,medium,2015,6,14.06.15,17,Kundgebung oder Veranstaltung,Stoerung,Auf den Linien 6 7 8 9 und 17 ist infolge des Frauenlaufs mit weitraeumigen Umleitungen und unregelmaessigem Betrieb zu rechnen. Dauer: bis 14.06.2015 ca. 15:30 Uhr.,14.06.15 05:00,14.06.15 15:30,Bern Bahnhof - Köniz Weiermatt
Kundgebung_oder_Veranstaltung,624,Sonntag,765,high,2015,6,14.06.15,10,Kundgebung oder Veranstaltung,Stoerung,Auf den Linien 10 und 19 ist infolge des Frauenlaufs mit weitraeumigen Umleitungen und unregelmaessigem Betrieb zu rechnen. Dauer: bis 14.06.2015 ca. 17:45 Uhr.,14.06.15 05:00,14.06.15 17:45,Köniz Schliern - Ostermundigen Rüti
Kundgebung_oder_Veranstaltung,625,Sonntag,765,high,2015,6,14.06.15,19,Kundgebung oder Veranstaltung,Stoerung,Auf den Linien 10 und 19 ist infolge des Frauenlaufs mit weitraeumigen Umleitungen und unregelmaessigem Betrieb zu rechnen. Dauer: bis 14.06.2015 ca. 17:45 Uhr.,14.06.15 05:00,14.06.15 17:45,Blinzern - Elfenau
Kundgebung_oder_Veranstaltung,626,Samstag,68,low,2015,6,13.06.15,6,Kundgebung oder Veranstaltung,Stoerung,Auf den Linien 6 7 8 9 10 12 und 19 ist infolge einer Kundgebung mit unregelmaessigem Betrieb zu rechnen. Dauer: bis 13.06.2015 ca. 15:34 Uhr.,13.06.15 14:35,13.06.15 15:43,Fischermätteli - Worb Dorf
Kundgebung_oder_Veranstaltung,627,Samstag,68,low,2015,6,13.06.15,7,Kundgebung oder Veranstaltung,Stoerung,Auf den Linien 6 7 8 9 10 12 und 19 ist infolge einer Kundgebung mit unregelmaessigem Betrieb zu rechnen. Dauer: bis 13.06.2015 ca. 15:34 Uhr.,13.06.15 14:35,13.06.15 15:43,Bümpliz - Ostring
Kundgebung_oder_Veranstaltung,628,Samstag,68,low,2015,6,13.06.15,8,Kundgebung oder Veranstaltung,Stoerung,Auf den Linien 6 7 8 9 10 12 und 19 ist infolge einer Kundgebung mit unregelmaessigem Betrieb zu rechnen. Dauer: bis 13.06.2015 ca. 15:34 Uhr.,13.06.15 14:35,13.06.15 15:43,Brünnen Westside Bahnhof - Saali
Kundgebung_oder_Veranstaltung,629,Samstag,68,low,2015,6,13.06.15,9,Kundgebung oder Veranstaltung,Stoerung,Auf den Linien 6 7 8 9 10 12 und 19 ist infolge einer Kundgebung mit unregelmaessigem Betrieb zu rechnen. Dauer: bis 13.06.2015 ca. 15:34 Uhr.,13.06.15 14:35,13.06.15 15:43,Wabern - Wankdorf Bahnhof
Kundgebung_oder_Veranstaltung,630,Samstag,68,low,2015,6,13.06.15,10,Kundgebung oder Veranstaltung,Stoerung,Auf den Linien 6 7 8 9 10 12 und 19 ist infolge einer Kundgebung mit unregelmaessigem Betrieb zu rechnen. Dauer: bis 13.06.2015 ca. 15:34 Uhr.,13.06.15 14:35,13.06.15 15:43,Köniz Schliern - Ostermundigen Rüti
Kundgebung_oder_Veranstaltung,631,Samstag,68,low,2015,6,13.06.15,12,Kundgebung oder Veranstaltung,Stoerung,Auf den Linien 6 7 8 9 10 12 und 19 ist infolge einer Kundgebung mit unregelmaessigem Betrieb zu rechnen. Dauer: bis 13.06.2015 ca. 15:34 Uhr.,13.06.15 14:35,13.06.15 15:43,Längasse - Zentrum Paul Klee
Kundgebung_oder_Veranstaltung,632,Samstag,68,low,2015,6,13.06.15,19,Kundgebung oder Veranstaltung,Stoerung,Auf den Linien 6 7 8 9 10 12 und 19 ist infolge einer Kundgebung mit unregelmaessigem Betrieb zu rechnen. Dauer: bis 13.06.2015 ca. 15:34 Uhr.,13.06.15 14:35,13.06.15 15:43,Blinzern - Elfenau
Kundgebung_oder_Veranstaltung,633,Samstag,68,low,2015,6,13.06.15,8,Kundgebung oder Veranstaltung,Stoerung,Auf den Linien 6 7 8 9 10 12 und 19 ist infolge einer Kundgebung mit unregelmaessigem Betrieb zu rechnen. Dauer: bis 13.06.2015 ca. 15:34 Uhr.,13.06.15 14:35,13.06.15 15:43,Brünnen Westside Bahnhof - Saali
Kundgebung_oder_Veranstaltung,634,Samstag,68,low,2015,6,13.06.15,12,Kundgebung oder Veranstaltung,Stoerung,Auf den Linien 6 7 8 9 10 12 und 19 ist infolge einer Kundgebung mit unregelmaessigem Betrieb zu rechnen. Dauer: bis 13.06.2015 ca. 15:34 Uhr.,13.06.15 14:35,13.06.15 15:43,Längasse - Zentrum Paul Klee
Kundgebung_oder_Veranstaltung,635,Samstag,27,verylow,2015,6,13.06.15,11,Kundgebung oder Veranstaltung,Stoerung,Auf den Linien 11 20 und 21 ist infolge einer Kundgebung mit unregelmaessigem Betrieb zu rechnen. Dauer: bis 13.06.2015 ca. 16:00 Uhr.,13.06.15 15:16,13.06.15 15:42,Holligen - Neufeld P+R
Kundgebung_oder_Veranstaltung,636,Samstag,27,verylow,2015,6,13.06.15,20,Kundgebung oder Veranstaltung,Stoerung,Auf den Linien 11 20 und 21 ist infolge einer Kundgebung mit unregelmaessigem Betrieb zu rechnen. Dauer: bis 13.06.2015 ca. 16:00 Uhr.,13.06.15 15:16,13.06.15 15:42,Bern Bahnhof - Wankdorf Bahnhof
Kundgebung_oder_Veranstaltung,637,Samstag,27,verylow,2015,6,13.06.15,11,Kundgebung oder Veranstaltung,Stoerung,Auf den Linien 11 20 und 21 ist infolge einer Kundgebung mit unregelmaessigem Betrieb zu rechnen. Dauer: bis 13.06.2015 ca. 16:00 Uhr.,13.06.15 15:16,13.06.15 15:42,Holligen - Neufeld P+R
Kundgebung_oder_Veranstaltung,638,Samstag,27,verylow,2015,6,13.06.15,20,Kundgebung oder Veranstaltung,Stoerung,Auf den Linien 11 20 und 21 ist infolge einer Kundgebung mit unregelmaessigem Betrieb zu rechnen. Dauer: bis 13.06.2015 ca. 16:00 Uhr.,13.06.15 15:16,13.06.15 15:42,Bern Bahnhof - Wankdorf Bahnhof
Kundgebung_oder_Veranstaltung,639,Samstag,390,medium,2015,6,20.06.15,6,Kundgebung oder Veranstaltung,Stoerung,Auf den Linien 6 7 8 10 12 19 20 28 und 29 ist am 20.06.2015 von ca. 12:00 bis ca. 18:30 infolge Tour de Suisse mit Umleitungen und unregelmaessigem Betrieb zu rechnen.,20.06.15 12:00,20.06.15 18:30,Fischermätteli - Worb Dorf
Kundgebung_oder_Veranstaltung,640,Samstag,390,medium,2015,6,20.06.15,7,Kundgebung oder Veranstaltung,Stoerung,Auf den Linien 6 7 8 10 12 19 20 28 und 29 ist am 20.06.2015 von ca. 12:00 bis ca. 18:30 infolge Tour de Suisse mit Umleitungen und unregelmaessigem Betrieb zu rechnen.,20.06.15 12:00,20.06.15 18:30,Bümpliz - Ostring
Kundgebung_oder_Veranstaltung,641,Samstag,390,medium,2015,6,20.06.15,8,Kundgebung oder Veranstaltung,Stoerung,Auf den Linien 6 7 8 10 12 19 20 28 und 29 ist am 20.06.2015 von ca. 12:00 bis ca. 18:30 infolge Tour de Suisse mit Umleitungen und unregelmaessigem Betrieb zu rechnen.,20.06.15 12:00,20.06.15 18:30,Brünnen Westside Bahnhof - Saali
Kundgebung_oder_Veranstaltung,642,Samstag,390,medium,2015,6,20.06.15,10,Kundgebung oder Veranstaltung,Stoerung,Auf den Linien 6 7 8 10 12 19 20 28 und 29 ist am 20.06.2015 von ca. 12:00 bis ca. 18:30 infolge Tour de Suisse mit Umleitungen und unregelmaessigem Betrieb zu rechnen.,20.06.15 12:00,20.06.15 18:30,Köniz Schliern - Ostermundigen Rüti
Kundgebung_oder_Veranstaltung,643,Samstag,390,medium,2015,6,20.06.15,12,Kundgebung oder Veranstaltung,Stoerung,Auf den Linien 6 7 8 10 12 19 20 28 und 29 ist am 20.06.2015 von ca. 12:00 bis ca. 18:30 infolge Tour de Suisse mit Umleitungen und unregelmaessigem Betrieb zu rechnen.,20.06.15 12:00,20.06.15 18:30,Längasse - Zentrum Paul Klee
Kundgebung_oder_Veranstaltung,644,Samstag,390,medium,2015,6,20.06.15,19,Kundgebung oder Veranstaltung,Stoerung,Auf den Linien 6 7 8 10 12 19 20 28 und 29 ist am 20.06.2015 von ca. 12:00 bis ca. 18:30 infolge Tour de Suisse mit Umleitungen und unregelmaessigem Betrieb zu rechnen.,20.06.15 12:00,20.06.15 18:30,Blinzern - Elfenau
Kundgebung_oder_Veranstaltung,645,Samstag,390,medium,2015,6,20.06.15,20,Kundgebung oder Veranstaltung,Stoerung,Auf den Linien 6 7 8 10 12 19 20 28 und 29 ist am 20.06.2015 von ca. 12:00 bis ca. 18:30 infolge Tour de Suisse mit Umleitungen und unregelmaessigem Betrieb zu rechnen.,20.06.15 12:00,20.06.15 18:30,Bern Bahnhof - Wankdorf Bahnhof
Kundgebung_oder_Veranstaltung,646,Samstag,390,medium,2015,6,20.06.15,12,Kundgebung oder Veranstaltung,Stoerung,Auf den Linien 6 7 8 10 12 19 20 28 und 29 ist am 20.06.2015 von ca. 12:00 bis ca. 18:30 infolge Tour de Suisse mit Umleitungen und unregelmaessigem Betrieb zu rechnen.,20.06.15 12:00,20.06.15 18:30,Längasse - Zentrum Paul Klee
Kundgebung_oder_Veranstaltung,647,Samstag,390,medium,2015,6,20.06.15,20,Kundgebung oder Veranstaltung,Stoerung,Auf den Linien 6 7 8 10 12 19 20 28 und 29 ist am 20.06.2015 von ca. 12:00 bis ca. 18:30 infolge Tour de Suisse mit Umleitungen und unregelmaessigem Betrieb zu rechnen.,20.06.15 12:00,20.06.15 18:30,Bern Bahnhof - Wankdorf Bahnhof
Kundgebung_oder_Veranstaltung,648,Sonntag,585,medium,2015,6,21.06.15,6,Kundgebung oder Veranstaltung,Stoerung,Auf den Linien 6 7 8 9 10 12 19 20 28 und 29 ist am 21.06.2015 von ca. 8:30 bis ca. 18:15 infolge Tour de Suisse mit Umleitungen und unregelmaessigem Betrieb zu rechnen.,21.06.15 08:30,21.06.15 18:15,Fischermätteli - Worb Dorf
Kundgebung_oder_Veranstaltung,649,Sonntag,585,medium,2015,6,21.06.15,7,Kundgebung oder Veranstaltung,Stoerung,Auf den Linien 6 7 8 9 10 12 19 20 28 und 29 ist am 21.06.2015 von ca. 8:30 bis ca. 18:15 infolge Tour de Suisse mit Umleitungen und unregelmaessigem Betrieb zu rechnen.,21.06.15 08:30,21.06.15 18:15,Bümpliz - Ostring
Kundgebung_oder_Veranstaltung,650,Sonntag,585,medium,2015,6,21.06.15,8,Kundgebung oder Veranstaltung,Stoerung,Auf den Linien 6 7 8 9 10 12 19 20 28 und 29 ist am 21.06.2015 von ca. 8:30 bis ca. 18:15 infolge Tour de Suisse mit Umleitungen und unregelmaessigem Betrieb zu rechnen.,21.06.15 08:30,21.06.15 18:15,Brünnen Westside Bahnhof - Saali
Kundgebung_oder_Veranstaltung,651,Sonntag,585,medium,2015,6,21.06.15,9,Kundgebung oder Veranstaltung,Stoerung,Auf den Linien 6 7 8 9 10 12 19 20 28 und 29 ist am 21.06.2015 von ca. 8:30 bis ca. 18:15 infolge Tour de Suisse mit Umleitungen und unregelmaessigem Betrieb zu rechnen.,21.06.15 08:30,21.06.15 18:15,Wabern - Wankdorf Bahnhof
Kundgebung_oder_Veranstaltung,652,Sonntag,585,medium,2015,6,21.06.15,10,Kundgebung oder Veranstaltung,Stoerung,Auf den Linien 6 7 8 9 10 12 19 20 28 und 29 ist am 21.06.2015 von ca. 8:30 bis ca. 18:15 infolge Tour de Suisse mit Umleitungen und unregelmaessigem Betrieb zu rechnen.,21.06.15 08:30,21.06.15 18:15,Köniz Schliern - Ostermundigen Rüti
Kundgebung_oder_Veranstaltung,653,Sonntag,585,medium,2015,6,21.06.15,12,Kundgebung oder Veranstaltung,Stoerung,Auf den Linien 6 7 8 9 10 12 19 20 28 und 29 ist am 21.06.2015 von ca. 8:30 bis ca. 18:15 infolge Tour de Suisse mit Umleitungen und unregelmaessigem Betrieb zu rechnen.,21.06.15 08:30,21.06.15 18:15,Längasse - Zentrum Paul Klee
Kundgebung_oder_Veranstaltung,654,Sonntag,585,medium,2015,6,21.06.15,19,Kundgebung oder Veranstaltung,Stoerung,Auf den Linien 6 7 8 9 10 12 19 20 28 und 29 ist am 21.06.2015 von ca. 8:30 bis ca. 18:15 infolge Tour de Suisse mit Umleitungen und unregelmaessigem Betrieb zu rechnen.,21.06.15 08:30,21.06.15 18:15,Blinzern - Elfenau
Kundgebung_oder_Veranstaltung,655,Sonntag,585,medium,2015,6,21.06.15,20,Kundgebung oder Veranstaltung,Stoerung,Auf den Linien 6 7 8 9 10 12 19 20 28 und 29 ist am 21.06.2015 von ca. 8:30 bis ca. 18:15 infolge Tour de Suisse mit Umleitungen und unregelmaessigem Betrieb zu rechnen.,21.06.15 08:30,21.06.15 18:15,Bern Bahnhof - Wankdorf Bahnhof
Kundgebung_oder_Veranstaltung,656,Sonntag,585,medium,2015,6,21.06.15,12,Kundgebung oder Veranstaltung,Stoerung,Auf den Linien 6 7 8 9 10 12 19 20 28 und 29 ist am 21.06.2015 von ca. 8:30 bis ca. 18:15 infolge Tour de Suisse mit Umleitungen und unregelmaessigem Betrieb zu rechnen.,21.06.15 08:30,21.06.15 18:15,Längasse - Zentrum Paul Klee
Kundgebung_oder_Veranstaltung,657,Sonntag,585,medium,2015,6,21.06.15,20,Kundgebung oder Veranstaltung,Stoerung,Auf den Linien 6 7 8 9 10 12 19 20 28 und 29 ist am 21.06.2015 von ca. 8:30 bis ca. 18:15 infolge Tour de Suisse mit Umleitungen und unregelmaessigem Betrieb zu rechnen.,21.06.15 08:30,21.06.15 18:15,Bern Bahnhof - Wankdorf Bahnhof
Kundgebung_oder_Veranstaltung,658,Samstag,161,medium,2015,6,20.06.15,3,Kundgebung oder Veranstaltung,Stoerung,Auf den Linien 3 6 7 8 9 10 11 12 19 und 29 ist infolge der Tour de Suisse die Strecken unterbrochen oder umgeleitet. Beachten Sie die Hinweise an den Haltestellen. Dauer: bis 20.06.2015 ca. 18:30 Uhr.,20.06.15 15:49,20.06.15 18:30,Bern Bahnhof - Weissenbühl
Kundgebung_oder_Veranstaltung,659,Samstag,161,medium,2015,6,20.06.15,6,Kundgebung oder Veranstaltung,Stoerung,Auf den Linien 3 6 7 8 9 10 11 12 19 und 29 ist infolge der Tour de Suisse die Strecken unterbrochen oder umgeleitet. Beachten Sie die Hinweise an den Haltestellen. Dauer: bis 20.06.2015 ca. 18:30 Uhr.,20.06.15 15:49,20.06.15 18:30,Fischermätteli - Worb Dorf
Kundgebung_oder_Veranstaltung,660,Samstag,161,medium,2015,6,20.06.15,7,Kundgebung oder Veranstaltung,Stoerung,Auf den Linien 3 6 7 8 9 10 11 12 19 und 29 ist infolge der Tour de Suisse die Strecken unterbrochen oder umgeleitet. Beachten Sie die Hinweise an den Haltestellen. Dauer: bis 20.06.2015 ca. 18:30 Uhr.,20.06.15 15:49,20.06.15 18:30,Bümpliz - Ostring
Kundgebung_oder_Veranstaltung,661,Samstag,161,medium,2015,6,20.06.15,8,Kundgebung oder Veranstaltung,Stoerung,Auf den Linien 3 6 7 8 9 10 11 12 19 und 29 ist infolge der Tour de Suisse die Strecken unterbrochen oder umgeleitet. Beachten Sie die Hinweise an den Haltestellen. Dauer: bis 20.06.2015 ca. 18:30 Uhr.,20.06.15 15:49,20.06.15 18:30,Brünnen Westside Bahnhof - Saali
Kundgebung_oder_Veranstaltung,662,Samstag,161,medium,2015,6,20.06.15,9,Kundgebung oder Veranstaltung,Stoerung,Auf den Linien 3 6 7 8 9 10 11 12 19 und 29 ist infolge der Tour de Suisse die Strecken unterbrochen oder umgeleitet. Beachten Sie die Hinweise an den Haltestellen. Dauer: bis 20.06.2015 ca. 18:30 Uhr.,20.06.15 15:49,20.06.15 18:30,Wabern - Wankdorf Bahnhof
Kundgebung_oder_Veranstaltung,663,Samstag,161,medium,2015,6,20.06.15,10,Kundgebung oder Veranstaltung,Stoerung,Auf den Linien 3 6 7 8 9 10 11 12 19 und 29 ist infolge der Tour de Suisse die Strecken unterbrochen oder umgeleitet. Beachten Sie die Hinweise an den Haltestellen. Dauer: bis 20.06.2015 ca. 18:30 Uhr.,20.06.15 15:49,20.06.15 18:30,Köniz Schliern - Ostermundigen Rüti
Kundgebung_oder_Veranstaltung,664,Samstag,161,medium,2015,6,20.06.15,12,Kundgebung oder Veranstaltung,Stoerung,Auf den Linien 3 6 7 8 9 10 11 12 19 und 29 ist infolge der Tour de Suisse die Strecken unterbrochen oder umgeleitet. Beachten Sie die Hinweise an den Haltestellen. Dauer: bis 20.06.2015 ca. 18:30 Uhr.,20.06.15 15:49,20.06.15 18:30,Längasse - Zentrum Paul Klee
Kundgebung_oder_Veranstaltung,665,Samstag,161,medium,2015,6,20.06.15,19,Kundgebung oder Veranstaltung,Stoerung,Auf den Linien 3 6 7 8 9 10 11 12 19 und 29 ist infolge der Tour de Suisse die Strecken unterbrochen oder umgeleitet. Beachten Sie die Hinweise an den Haltestellen. Dauer: bis 20.06.2015 ca. 18:30 Uhr.,20.06.15 15:49,20.06.15 18:30,Blinzern - Elfenau
Kundgebung_oder_Veranstaltung,666,Samstag,161,medium,2015,6,20.06.15,6,Kundgebung oder Veranstaltung,Stoerung,Auf den Linien 3 6 7 8 9 10 11 12 19 und 29 ist infolge der Tour de Suisse die Strecken unterbrochen oder umgeleitet. Beachten Sie die Hinweise an den Haltestellen. Dauer: bis 20.06.2015 ca. 18:30 Uhr.,20.06.15 15:49,20.06.15 18:30,Fischermätteli - Worb Dorf
Kundgebung_oder_Veranstaltung,667,Samstag,161,medium,2015,6,20.06.15,8,Kundgebung oder Veranstaltung,Stoerung,Auf den Linien 3 6 7 8 9 10 11 12 19 und 29 ist infolge der Tour de Suisse die Strecken unterbrochen oder umgeleitet. Beachten Sie die Hinweise an den Haltestellen. Dauer: bis 20.06.2015 ca. 18:30 Uhr.,20.06.15 15:49,20.06.15 18:30,Brünnen Westside Bahnhof - Saali
Kundgebung_oder_Veranstaltung,668,Samstag,161,medium,2015,6,20.06.15,9,Kundgebung oder Veranstaltung,Stoerung,Auf den Linien 3 6 7 8 9 10 11 12 19 und 29 ist infolge der Tour de Suisse die Strecken unterbrochen oder umgeleitet. Beachten Sie die Hinweise an den Haltestellen. Dauer: bis 20.06.2015 ca. 18:30 Uhr.,20.06.15 15:49,20.06.15 18:30,Wabern - Wankdorf Bahnhof
Kundgebung_oder_Veranstaltung,669,Samstag,161,medium,2015,6,20.06.15,12,Kundgebung oder Veranstaltung,Stoerung,Auf den Linien 3 6 7 8 9 10 11 12 19 und 29 ist infolge der Tour de Suisse die Strecken unterbrochen oder umgeleitet. Beachten Sie die Hinweise an den Haltestellen. Dauer: bis 20.06.2015 ca. 18:30 Uhr.,20.06.15 15:49,20.06.15 18:30,Längasse - Zentrum Paul Klee
Kundgebung_oder_Veranstaltung,670,Sonntag,675,medium,2015,6,21.06.15,3,Kundgebung oder Veranstaltung,Stoerung,Auf den Linien 3 6 7 8 9 10 12 19 20 und 29 kommt es infolge der Tour de Suisse zu Umleitungen und Unterbruechen. Beachten Sie die Hinweise an den Haltestellen. Dauer: bis 21.06.2015 ca. 18:15 Uhr.,21.06.15 07:00,21.06.15 18:15,Bern Bahnhof - Weissenbühl
Kundgebung_oder_Veranstaltung,671,Sonntag,675,medium,2015,6,21.06.15,6,Kundgebung oder Veranstaltung,Stoerung,Auf den Linien 3 6 7 8 9 10 12 19 20 und 29 kommt es infolge der Tour de Suisse zu Umleitungen und Unterbruechen. Beachten Sie die Hinweise an den Haltestellen. Dauer: bis 21.06.2015 ca. 18:15 Uhr.,21.06.15 07:00,21.06.15 18:15,Fischermätteli - Worb Dorf
Kundgebung_oder_Veranstaltung,672,Sonntag,675,medium,2015,6,21.06.15,7,Kundgebung oder Veranstaltung,Stoerung,Auf den Linien 3 6 7 8 9 10 12 19 20 und 29 kommt es infolge der Tour de Suisse zu Umleitungen und Unterbruechen. Beachten Sie die Hinweise an den Haltestellen. Dauer: bis 21.06.2015 ca. 18:15 Uhr.,21.06.15 07:00,21.06.15 18:15,Bümpliz - Ostring
Kundgebung_oder_Veranstaltung,673,Sonntag,675,medium,2015,6,21.06.15,8,Kundgebung oder Veranstaltung,Stoerung,Auf den Linien 3 6 7 8 9 10 12 19 20 und 29 kommt es infolge der Tour de Suisse zu Umleitungen und Unterbruechen. Beachten Sie die Hinweise an den Haltestellen. Dauer: bis 21.06.2015 ca. 18:15 Uhr.,21.06.15 07:00,21.06.15 18:15,Brünnen Westside Bahnhof - Saali
Kundgebung_oder_Veranstaltung,674,Sonntag,675,medium,2015,6,21.06.15,9,Kundgebung oder Veranstaltung,Stoerung,Auf den Linien 3 6 7 8 9 10 12 19 20 und 29 kommt es infolge der Tour de Suisse zu Umleitungen und Unterbruechen. Beachten Sie die Hinweise an den Haltestellen. Dauer: bis 21.06.2015 ca. 18:15 Uhr.,21.06.15 07:00,21.06.15 18:15,Wabern - Wankdorf Bahnhof
Kundgebung_oder_Veranstaltung,675,Sonntag,675,medium,2015,6,21.06.15,10,Kundgebung oder Veranstaltung,Stoerung,Auf den Linien 3 6 7 8 9 10 12 19 20 und 29 kommt es infolge der Tour de Suisse zu Umleitungen und Unterbruechen. Beachten Sie die Hinweise an den Haltestellen. Dauer: bis 21.06.2015 ca. 18:15 Uhr.,21.06.15 07:00,21.06.15 18:15,Köniz Schliern - Ostermundigen Rüti
Kundgebung_oder_Veranstaltung,676,Sonntag,675,medium,2015,6,21.06.15,12,Kundgebung oder Veranstaltung,Stoerung,Auf den Linien 3 6 7 8 9 10 12 19 20 und 29 kommt es infolge der Tour de Suisse zu Umleitungen und Unterbruechen. Beachten Sie die Hinweise an den Haltestellen. Dauer: bis 21.06.2015 ca. 18:15 Uhr.,21.06.15 07:00,21.06.15 18:15,Längasse - Zentrum Paul Klee
Kundgebung_oder_Veranstaltung,677,Sonntag,675,medium,2015,6,21.06.15,19,Kundgebung oder Veranstaltung,Stoerung,Auf den Linien 3 6 7 8 9 10 12 19 20 und 29 kommt es infolge der Tour de Suisse zu Umleitungen und Unterbruechen. Beachten Sie die Hinweise an den Haltestellen. Dauer: bis 21.06.2015 ca. 18:15 Uhr.,21.06.15 07:00,21.06.15 18:15,Blinzern - Elfenau
Kundgebung_oder_Veranstaltung,678,Sonntag,675,medium,2015,6,21.06.15,20,Kundgebung oder Veranstaltung,Stoerung,Auf den Linien 3 6 7 8 9 10 12 19 20 und 29 kommt es infolge der Tour de Suisse zu Umleitungen und Unterbruechen. Beachten Sie die Hinweise an den Haltestellen. Dauer: bis 21.06.2015 ca. 18:15 Uhr.,21.06.15 07:00,21.06.15 18:15,Bern Bahnhof - Wankdorf Bahnhof
Kundgebung_oder_Veranstaltung,679,Sonntag,675,medium,2015,6,21.06.15,6,Kundgebung oder Veranstaltung,Stoerung,Auf den Linien 3 6 7 8 9 10 12 19 20 und 29 kommt es infolge der Tour de Suisse zu Umleitungen und Unterbruechen. Beachten Sie die Hinweise an den Haltestellen. Dauer: bis 21.06.2015 ca. 18:15 Uhr.,21.06.15 07:00,21.06.15 18:15,Fischermätteli - Worb Dorf
Kundgebung_oder_Veranstaltung,680,Sonntag,675,medium,2015,6,21.06.15,8,Kundgebung oder Veranstaltung,Stoerung,Auf den Linien 3 6 7 8 9 10 12 19 20 und 29 kommt es infolge der Tour de Suisse zu Umleitungen und Unterbruechen. Beachten Sie die Hinweise an den Haltestellen. Dauer: bis 21.06.2015 ca. 18:15 Uhr.,21.06.15 07:00,21.06.15 18:15,Brünnen Westside Bahnhof - Saali
Kundgebung_oder_Veranstaltung,681,Sonntag,675,medium,2015,6,21.06.15,9,Kundgebung oder Veranstaltung,Stoerung,Auf den Linien 3 6 7 8 9 10 12 19 20 und 29 kommt es infolge der Tour de Suisse zu Umleitungen und Unterbruechen. Beachten Sie die Hinweise an den Haltestellen. Dauer: bis 21.06.2015 ca. 18:15 Uhr.,21.06.15 07:00,21.06.15 18:15,Wabern - Wankdorf Bahnhof
Kundgebung_oder_Veranstaltung,682,Sonntag,675,medium,2015,6,21.06.15,12,Kundgebung oder Veranstaltung,Stoerung,Auf den Linien 3 6 7 8 9 10 12 19 20 und 29 kommt es infolge der Tour de Suisse zu Umleitungen und Unterbruechen. Beachten Sie die Hinweise an den Haltestellen. Dauer: bis 21.06.2015 ca. 18:15 Uhr.,21.06.15 07:00,21.06.15 18:15,Längasse - Zentrum Paul Klee
Kundgebung_oder_Veranstaltung,683,Sonntag,675,medium,2015,6,21.06.15,20,Kundgebung oder Veranstaltung,Stoerung,Auf den Linien 3 6 7 8 9 10 12 19 20 und 29 kommt es infolge der Tour de Suisse zu Umleitungen und Unterbruechen. Beachten Sie die Hinweise an den Haltestellen. Dauer: bis 21.06.2015 ca. 18:15 Uhr.,21.06.15 07:00,21.06.15 18:15,Bern Bahnhof - Wankdorf Bahnhof
Fahrzeugpanne,684,Donnerstag,43,low,2015,7,02.07.15,6,Fahrzeugpanne,Stoerung,Auf der Linie 6 ist infolge einer Fahrzeugpanne die Strecke zwischen Bahnhof und Fischermaetteli nicht befahrbar. Die Linie 17 wird als Tramersatz umgeleitet.,02.07.15 13:36,02.07.15 14:18,Fischermätteli - Worb Dorf
Unregelmaessiger_Betrieb_und_Umleitungen,685,Donnerstag,29,verylow,2015,7,02.07.15,17,Unregelmaessiger Betrieb und Umleitungen,Stoerung,Die Linie 17 wird als Tramersatz Linie 6 umgeleitet. Die Haltestellen Hasler Kaufmaennischer Verband und Loryplatz werden nicht bedient.,02.07.15 13:44,02.07.15 14:13,Bern Bahnhof - Köniz Weiermatt
Fahrzeugpanne,686,Samstag,91,low,2015,7,04.07.15,6,Fahrzeugpanne,Geplante Stoerung,04.07.2015 22:13 Uhr: Auf der Linie 6 ist infolge einer Fahrzeugpanne mit Verspaetungen und unregelmaessigem Betrieb zu rechnen. Dauer: ca. 30 Min.,04.07.15 22:13,04.07.15 23:43,Fischermätteli - Worb Dorf
Fahrzeugpanne,687,Sonntag,28,verylow,2015,7,05.07.15,3,Fahrzeugpanne,Geplante Stoerung,05.07.2015 14:55 Uhr: Auf der Linie 3 ist infolge einer Fahrzeugpanne mit Verspaetungen und Kursausfaellen zu rechnen. Dauer: unbestimmt.,05.07.15 14:57,05.07.15 15:25,Bern Bahnhof - Weissenbühl
Fahrzeugpanne,688,Dienstag,117,low,2015,7,07.07.15,6,Fahrzeugpanne,Geplante Stoerung,07.07.2015 16:08 Uhr: Auf der Linie 6 ist infolge einer Fahrzeugpanne mit unregelmaessigem Betrieb zu rechnen.,07.07.15 16:08,07.07.15 18:05,Fischermätteli - Worb Dorf
Fahrzeugpanne,689,Dienstag,22,verylow,2015,7,07.07.15,6,Fahrzeugpanne,Geplante Stoerung,07.07.2015 18:05 Uhr: Auf der Linie 6 ist infolge einer Fahrzeugpanne mit unregelmaessigem Betrieb zu rechnen. Dauer: ca. 30 Min.,07.07.15 18:05,07.07.15 18:26,Fischermätteli - Worb Dorf
Bauarbeiten,690,Dienstag,292,medium,2015,7,07.07.15,10,Bauarbeiten,Geplante Stoerung,07.07.2015 14:14 Uhr: Auf der Linie 10 ist infolge Bauarbeiten zwischen Koeniz und Schliern mit unregelmaessigem Betrieb zu rechnen. Dauer: unbestimmt.,07.07.15 14:15,07.07.15 19:07,Köniz Schliern - Ostermundigen Rüti
Kundgebung_oder_Veranstaltung,691,Samstag,315,medium,2015,7,25.07.15,9,Kundgebung oder Veranstaltung,Stoerung,Auf der Linie 9 ist infolge einer Veranstaltung die Strecke zwischen Guisanplatz Expo und Wankdorf Bahnhof nicht bedient. Dauer: bis 25.07.2015 ca. 21:00 Uhr.,25.07.15 15:45,25.07.15 21:00,Wabern - Wankdorf Bahnhof
Verkehrsunfall,692,Mittwoch,12,verylow,2015,7,22.07.15,160,Verkehrsunfall,Stoerung,Auf der Linie 160 ist infolge eines Verkehrsunfalls der Kurs um 11:44 Uhr ab Belp Bahnhof Richtung Bern Flughafen um ca. 8 Min verspaetet.,22.07.15 11:52,22.07.15 12:03,Konolfingen - Belp
Betriebsstoerung,693,Mittwoch,74,low,2015,7,22.07.15,6,Betriebsstoerung,Geplante Stoerung,22.07.2015 13:00 Uhr: Auf den Linien 6 7 8 und 9 ist infolge einer Betriebsstoerung mit Verspaetungen und unregelmaessigem Betrieb zu rechnen. Dauer: unbestimmt.,22.07.15 13:01,22.07.15 14:14,Fischermätteli - Worb Dorf
Betriebsstoerung,694,Mittwoch,74,low,2015,7,22.07.15,7,Betriebsstoerung,Geplante Stoerung,22.07.2015 13:00 Uhr: Auf den Linien 6 7 8 und 9 ist infolge einer Betriebsstoerung mit Verspaetungen und unregelmaessigem Betrieb zu rechnen. Dauer: unbestimmt.,22.07.15 13:01,22.07.15 14:14,Bümpliz - Ostring
Betriebsstoerung,695,Mittwoch,74,low,2015,7,22.07.15,8,Betriebsstoerung,Geplante Stoerung,22.07.2015 13:00 Uhr: Auf den Linien 6 7 8 und 9 ist infolge einer Betriebsstoerung mit Verspaetungen und unregelmaessigem Betrieb zu rechnen. Dauer: unbestimmt.,22.07.15 13:01,22.07.15 14:14,Brünnen Westside Bahnhof - Saali
Betriebsstoerung,696,Mittwoch,74,low,2015,7,22.07.15,9,Betriebsstoerung,Geplante Stoerung,22.07.2015 13:00 Uhr: Auf den Linien 6 7 8 und 9 ist infolge einer Betriebsstoerung mit Verspaetungen und unregelmaessigem Betrieb zu rechnen. Dauer: unbestimmt.,22.07.15 13:01,22.07.15 14:14,Wabern - Wankdorf Bahnhof
Fahrzeugpanne,697,Mittwoch,36,low,2015,7,22.07.15,3,Fahrzeugpanne,Geplante Stoerung,22.07.2015 15:10 Uhr: Auf der Linie 3 ist infolge einer Fahrzeugpanne mit Verspaetungen und Kursausfaellen zu rechnen. Dauer: unbestimmt.,22.07.15 15:11,22.07.15 15:46,Bern Bahnhof - Weissenbühl
Verkehrsunfall,698,Mittwoch,36,low,2015,7,22.07.15,9,Verkehrsunfall,Geplante Stoerung,22.07.2015 17:42 Uhr: Auf der Linie 9 ist zwischen Zytglogge-Wankdorf Bahnhof-Zytglogge nach einem Verkehrsunfall noch mit Verspaetungen und unregelmaessigem Betrieb zu rechnen. Dauer: ca 15 Minuten.,22.07.15 17:43,22.07.15 18:19,Wabern - Wankdorf Bahnhof
Betriebsstoerung,699,Donnerstag,60,low,2015,7,23.07.15,7,Betriebsstoerung,Geplante Stoerung,23.07.2015 13:17 Uhr: Auf den Linien 7 und 8 ist infolge einer Betriebsstoerung mit Verspaetungen und unregelmaessigem Betrieb zu rechnen. Dauer: unbestimmt.,23.07.15 13:17,23.07.15 14:16,Bümpliz - Ostring
Betriebsstoerung,700,Donnerstag,60,low,2015,7,23.07.15,8,Betriebsstoerung,Geplante Stoerung,23.07.2015 13:17 Uhr: Auf den Linien 7 und 8 ist infolge einer Betriebsstoerung mit Verspaetungen und unregelmaessigem Betrieb zu rechnen. Dauer: unbestimmt.,23.07.15 13:17,23.07.15 14:16,Brünnen Westside Bahnhof - Saali
Fahrzeugpanne,701,Freitag,13,verylow,2015,7,24.07.15,8,Fahrzeugpanne,Geplante Stoerung,24.07.2015 13:56 Uhr: Auf der Linie 8 ist infolge einer Fahrzeugpanne die Strecke zwischen Saali und Brunnadernstrasse unterbrochen. Bitte benutzen Sie die Linie 6 zwischen Egghoelzli und Brunnadernstrasse. Es werden demnaechst auch Tramersatz Busse eingesetzt.Dauer: unbestimmt.,24.07.15 13:59,24.07.15 14:11,Brünnen Westside Bahnhof - Saali
Betriebsstoerung,702,Freitag,46,low,2015,7,24.07.15,8,Betriebsstoerung,Geplante Stoerung,24.07.2015 14:03 Uhr: Auf der Linie 8 ist infolge einer Betriebsstoerung mit Verspaetungen und unregelmaessigem Betrieb zu rechnen. Dauer: unbestimmt.,24.07.15 14:03,24.07.15 14:48,Brünnen Westside Bahnhof - Saali
Betriebsstoerung,703,Montag,35,low,2015,7,27.07.15,9,Betriebsstoerung,Geplante Stoerung,27.07.2015 13:05 Uhr: Auf der Linie 9 ist infolge einer Betriebsstoerung mit Verspaetungen und unregelmaessigem Betrieb zu rechnen. Dauer: unbestimmt.,27.07.15 13:05,27.07.15 13:40,Wabern - Wankdorf Bahnhof
Betriebsstoerung,704,Montag,153,medium,2015,7,27.07.15,7,Betriebsstoerung,Geplante Stoerung,27.07.2015 16:12 Uhr: Auf der Linie 7 ist infolge einer Betriebsstoerung noch mit Verspaetungen und unregelmaessigem Betrieb zu rechnen. Die Trams fahren jedoch wieder auf der ganzen Strecke. Dauer: ca. 1h.,27.07.15 16:12,27.07.15 18:45,Bümpliz - Ostring
Fahrzeugpanne,705,Montag,157,medium,2015,7,27.07.15,8,Fahrzeugpanne,Geplante Stoerung,27.07.2015 16:33 Uhr: Auf der Linie 8 ist infolge einer Fahrzeugpanne mit Verspaetungen zu rechnen. Dauer: ca. 30 Min.,27.07.15 16:33,27.07.15 19:09,Brünnen Westside Bahnhof - Saali
Fahrzeugpanne,706,Montag,135,medium,2015,7,27.07.15,6,Fahrzeugpanne,Geplante Stoerung,27.07.2015 16:56 Uhr: Auf der Linie 6 ist infolge einer Fahrzeugpanne mit Verspaetungen und unregelmaessigem Betrieb zu rechnen. Dauer: ca. 30 Min.,27.07.15 16:56,27.07.15 19:11,Fischermätteli - Worb Dorf
Fahrzeugpanne,707,Dienstag,33,low,2015,7,28.07.15,9,Fahrzeugpanne,Stoerung,Auf der Linie 9 ist infolge einer Fahrzeugpanne mit Verspaetungen und unregelmaessigem Betrieb zu rechnen.,28.07.15 11:05,28.07.15 11:38,Wabern - Wankdorf Bahnhof
Kundgebung_oder_Veranstaltung,708,Dienstag,78,low,2015,7,28.07.15,9,Kundgebung oder Veranstaltung,Stoerung,Die Linie 9 faehrt ab 18:05 Uhr infolge einer Veranstaltung bis/ab Guisanplatz. Die Strecke Guisanplatz-Wankdorf wird bis 23:15 Uhr nicht bedient.,28.07.15 16:51,28.07.15 18:09,Wabern - Wankdorf Bahnhof
Betriebsstoerung,709,Dienstag,35,low,2015,7,28.07.15,3,Betriebsstoerung,Geplante Stoerung,28.07.2015 18:22 Uhr: Auf den Linien 3 6 7 und 8 ist infolge einer Betriebsstoerung mit Verspaetungen und unregelmaessigem Betrieb zu rechnen. Dauer: unbestimmt.,28.07.15 18:22,28.07.15 18:57,Bern Bahnhof - Weissenbühl
Betriebsstoerung,710,Dienstag,35,low,2015,7,28.07.15,6,Betriebsstoerung,Geplante Stoerung,28.07.2015 18:22 Uhr: Auf den Linien 3 6 7 und 8 ist infolge einer Betriebsstoerung mit Verspaetungen und unregelmaessigem Betrieb zu rechnen. Dauer: unbestimmt.,28.07.15 18:22,28.07.15 18:57,Fischermätteli - Worb Dorf
Betriebsstoerung,711,Dienstag,35,low,2015,7,28.07.15,7,Betriebsstoerung,Geplante Stoerung,28.07.2015 18:22 Uhr: Auf den Linien 3 6 7 und 8 ist infolge einer Betriebsstoerung mit Verspaetungen und unregelmaessigem Betrieb zu rechnen. Dauer: unbestimmt.,28.07.15 18:22,28.07.15 18:57,Bümpliz - Ostring
Betriebsstoerung,712,Dienstag,35,low,2015,7,28.07.15,8,Betriebsstoerung,Geplante Stoerung,28.07.2015 18:22 Uhr: Auf den Linien 3 6 7 und 8 ist infolge einer Betriebsstoerung mit Verspaetungen und unregelmaessigem Betrieb zu rechnen. Dauer: unbestimmt.,28.07.15 18:22,28.07.15 18:57,Brünnen Westside Bahnhof - Saali
Kundgebung_oder_Veranstaltung,713,Dienstag,71,low,2015,7,28.07.15,9,Kundgebung oder Veranstaltung,Stoerung,Die Linie 9 faehrt infolge einer Veranstaltung bis/ab Guisanplatz. Die Strecke Guisanplatz - Wankdorf wird bis 23:10 Uhr nicht bedient.,28.07.15 16:58,28.07.15 18:09,Wabern - Wankdorf Bahnhof
Kundgebung_oder_Veranstaltung,714,Mittwoch,72,low,2015,7,29.07.15,6,Kundgebung oder Veranstaltung,Geplante Stoerung,29.07.2015 19:16 Uhr: Auf den Linien 6 7 8 und 9 ist infolge einer Kundgebung mit Verspaetungen und Kursausfaellen zu rechnen. Dauer: unbestimmt.,29.07.15 19:17,29.07.15 20:29,Fischermätteli - Worb Dorf
Kundgebung_oder_Veranstaltung,715,Mittwoch,72,low,2015,7,29.07.15,7,Kundgebung oder Veranstaltung,Geplante Stoerung,29.07.2015 19:16 Uhr: Auf den Linien 6 7 8 und 9 ist infolge einer Kundgebung mit Verspaetungen und Kursausfaellen zu rechnen. Dauer: unbestimmt.,29.07.15 19:17,29.07.15 20:29,Bümpliz - Ostring
Kundgebung_oder_Veranstaltung,716,Mittwoch,72,low,2015,7,29.07.15,8,Kundgebung oder Veranstaltung,Geplante Stoerung,29.07.2015 19:16 Uhr: Auf den Linien 6 7 8 und 9 ist infolge einer Kundgebung mit Verspaetungen und Kursausfaellen zu rechnen. Dauer: unbestimmt.,29.07.15 19:17,29.07.15 20:29,Brünnen Westside Bahnhof - Saali
Kundgebung_oder_Veranstaltung,717,Mittwoch,72,low,2015,7,29.07.15,9,Kundgebung oder Veranstaltung,Geplante Stoerung,29.07.2015 19:16 Uhr: Auf den Linien 6 7 8 und 9 ist infolge einer Kundgebung mit Verspaetungen und Kursausfaellen zu rechnen. Dauer: unbestimmt.,29.07.15 19:17,29.07.15 20:29,Wabern - Wankdorf Bahnhof
Verkehrsueberlastung,718,Donnerstag,13,verylow,2015,7,30.07.15,160,Verkehrsueberlastung,Stoerung,Auf der Linie 160 ist infolge Verkehrueberlastung auf der Strecke zwischen Konolfingen Dorf und Bern Flughafen der Kurs um 05:59 Uhr ab Konolfingen Dorf ca. 10 Minuten verspaetet.,30.07.15 06:55,30.07.15 07:08,Konolfingen - Belp
Verkehrsueberlastung,719,Donnerstag,19,verylow,2015,7,30.07.15,160,Verkehrsueberlastung,Stoerung,Auf der Linie 160 ist infolge Verkehrueberlastung der Kurs um 17:02 Uhr ab Rubigen Bahnhof Richtung Bern Flughafen um ca. 22 Min verspaetet.,30.07.15 17:29,30.07.15 17:48,Konolfingen - Belp
Verkehrsueberlastung,720,Donnerstag,48,low,2015,7,30.07.15,160,Verkehrsueberlastung,Geplante Stoerung,30.07.2015 17:38 Uhr: Auf der Linie 160 ist infolge Verkehrueberlastung im Raum Rubigen mit Verspaetungen und unregelmaessigem Betrieb zu rechnen. Dauer: unbestimmt.,30.07.15 17:39,30.07.15 18:27,Konolfingen - Belp
Kundgebung_oder_Veranstaltung,721,Samstag,91,low,2015,8,01.08.15,6,Kundgebung oder Veranstaltung,Stoerung,Auf den Linien 6 7 8 9 und 12 ist infolge einer Kundgebung mit Verspaetungen und unregelmaessigem Betrieb zu rechnen.,01.08.15 12:57,01.08.15 14:28,Fischermätteli - Worb Dorf
Kundgebung_oder_Veranstaltung,722,Samstag,91,low,2015,8,01.08.15,7,Kundgebung oder Veranstaltung,Stoerung,Auf den Linien 6 7 8 9 und 12 ist infolge einer Kundgebung mit Verspaetungen und unregelmaessigem Betrieb zu rechnen.,01.08.15 12:57,01.08.15 14:28,Bümpliz - Ostring
Kundgebung_oder_Veranstaltung,723,Samstag,91,low,2015,8,01.08.15,8,Kundgebung oder Veranstaltung,Stoerung,Auf den Linien 6 7 8 9 und 12 ist infolge einer Kundgebung mit Verspaetungen und unregelmaessigem Betrieb zu rechnen.,01.08.15 12:57,01.08.15 14:28,Brünnen Westside Bahnhof - Saali
Kundgebung_oder_Veranstaltung,724,Samstag,91,low,2015,8,01.08.15,9,Kundgebung oder Veranstaltung,Stoerung,Auf den Linien 6 7 8 9 und 12 ist infolge einer Kundgebung mit Verspaetungen und unregelmaessigem Betrieb zu rechnen.,01.08.15 12:57,01.08.15 14:28,Wabern - Wankdorf Bahnhof
Kundgebung_oder_Veranstaltung,725,Samstag,91,low,2015,8,01.08.15,12,Kundgebung oder Veranstaltung,Stoerung,Auf den Linien 6 7 8 9 und 12 ist infolge einer Kundgebung mit Verspaetungen und unregelmaessigem Betrieb zu rechnen.,01.08.15 12:57,01.08.15 14:28,Längasse - Zentrum Paul Klee
Kundgebung_oder_Veranstaltung,726,Samstag,91,low,2015,8,01.08.15,12,Kundgebung oder Veranstaltung,Stoerung,Auf den Linien 6 7 8 9 und 12 ist infolge einer Kundgebung mit Verspaetungen und unregelmaessigem Betrieb zu rechnen.,01.08.15 12:57,01.08.15 14:28,Längasse - Zentrum Paul Klee
Kundgebung_oder_Veranstaltung,727,Donnerstag,1241,high,2015,8,06.08.15,12,Kundgebung oder Veranstaltung,Stoerung,Die Linien 12 und 30 werden infolge einer Veranstaltung ueber die Brunngasshalde - Postgasshalde umgeleitet. Bitte beachten Sie dass die Haltestelle Rathaus der Linie 12 fuer den Zeitraum der Veranstaltung zum Rathaus Parking verschoben ist. Dauer: 06.08.2015 Betriebsbeginn bis 08.08.2015 Betriebsschluss,06.08.15 05:02,09.08.15 00:55,Längasse - Zentrum Paul Klee
Kundgebung_oder_Veranstaltung,728,Donnerstag,1241,high,2015,8,06.08.15,12,Kundgebung oder Veranstaltung,Stoerung,Die Linien 12 und 30 werden infolge einer Veranstaltung ueber die Brunngasshalde - Postgasshalde umgeleitet. Bitte beachten Sie dass die Haltestelle Rathaus der Linie 12 fuer den Zeitraum der Veranstaltung zum Rathaus Parking verschoben ist. Dauer: 06.08.2015 Betriebsbeginn bis 08.08.2015 Betriebsschluss,06.08.15 05:02,09.08.15 00:55,Längasse - Zentrum Paul Klee
Kundgebung_oder_Veranstaltung,729,Mittwoch,320,medium,2015,8,12.08.15,9,Kundgebung oder Veranstaltung,Stoerung,Die Linie 9 faehrt ab 17:40 Uhr infolge einer Veranstaltung bis/ab Guisanplatz Expo. Die Strecke Guisanplatz - Wankdorfbahnhof wird bis 23:00 Uhr nicht bedient.,12.08.15 17:40,12.08.15 23:00,Wabern - Wankdorf Bahnhof
Kundgebung_oder_Veranstaltung,730,Sonntag,310,medium,2015,8,09.08.15,20,Kundgebung oder Veranstaltung,Stoerung,Die Linie 20 faehrt ab 14:00 Uhr infolge einer Veranstaltung bis/ab Wyler. Die Strecke Wyler - Wankdorfbahnhof wird bis 19:10 Uhr nicht bedient.,09.08.15 14:00,09.08.15 19:10,Bern Bahnhof - Wankdorf Bahnhof
Kundgebung_oder_Veranstaltung,731,Sonntag,310,medium,2015,8,09.08.15,20,Kundgebung oder Veranstaltung,Stoerung,Die Linie 20 faehrt ab 14:00 Uhr infolge einer Veranstaltung bis/ab Wyler. Die Strecke Wyler - Wankdorfbahnhof wird bis 19:10 Uhr nicht bedient.,09.08.15 14:00,09.08.15 19:10,Bern Bahnhof - Wankdorf Bahnhof
Fahrzeugpanne,732,Dienstag,27,verylow,2015,8,04.08.15,3,Fahrzeugpanne,Geplante Stoerung,04.08.2015 16:06 Uhr: Auf den Linien 3 6 7 8 und 9 ist infolge einer Fahrzeugpanne mit Verspaetungen und unregelmaessigem Betrieb zu rechnen. Dauer: unbestimmt.,04.08.15 16:07,04.08.15 16:33,Bern Bahnhof - Weissenbühl
Fahrzeugpanne,733,Dienstag,27,verylow,2015,8,04.08.15,7,Fahrzeugpanne,Geplante Stoerung,04.08.2015 16:06 Uhr: Auf den Linien 3 6 7 8 und 9 ist infolge einer Fahrzeugpanne mit Verspaetungen und unregelmaessigem Betrieb zu rechnen. Dauer: unbestimmt.,04.08.15 16:07,04.08.15 16:33,Bümpliz - Ostring
Fahrzeugpanne,734,Dienstag,27,verylow,2015,8,04.08.15,8,Fahrzeugpanne,Geplante Stoerung,04.08.2015 16:06 Uhr: Auf den Linien 3 6 7 8 und 9 ist infolge einer Fahrzeugpanne mit Verspaetungen und unregelmaessigem Betrieb zu rechnen. Dauer: unbestimmt.,04.08.15 16:07,04.08.15 16:33,Brünnen Westside Bahnhof - Saali
Fahrzeugpanne,735,Dienstag,27,verylow,2015,8,04.08.15,9,Fahrzeugpanne,Geplante Stoerung,04.08.2015 16:06 Uhr: Auf den Linien 3 6 7 8 und 9 ist infolge einer Fahrzeugpanne mit Verspaetungen und unregelmaessigem Betrieb zu rechnen. Dauer: unbestimmt.,04.08.15 16:07,04.08.15 16:33,Wabern - Wankdorf Bahnhof
Fahrzeugpanne,736,Dienstag,27,verylow,2015,8,04.08.15,6,Fahrzeugpanne,Geplante Stoerung,04.08.2015 16:06 Uhr: Auf den Linien 3 6 7 8 und 9 ist infolge einer Fahrzeugpanne mit Verspaetungen und unregelmaessigem Betrieb zu rechnen. Dauer: unbestimmt.,04.08.15 16:07,04.08.15 16:33,Fischermätteli - Worb Dorf
Fahrzeugpanne,737,Dienstag,58,low,2015,8,04.08.15,6,Fahrzeugpanne,Geplante Stoerung,04.08.2015 16:07 Uhr: Auf der Linie 6 ist infolge einer Fahrzeugpanne mit Verspaetungen und unregelmaessigem Betrieb zu rechnen. Dauer: unbestimmt.,04.08.15 16:07,04.08.15 17:05,Fischermätteli - Worb Dorf
Fahrzeugpanne,738,Donnerstag,33,low,2015,8,06.08.15,160,Fahrzeugpanne,Stoerung,Auf der Linie 160 faellt infolge einer Fahrzeugpanne der Kurs um 12:04 Uhr ab Bern Flughafen Richtung Konolfingen Dorf aus. Die naechste Abfahrt erfolgt um 13:05 Uhr.  ,06.08.15 12:12,06.08.15 12:44,Konolfingen - Belp
Verkehrsueberlastung,739,Donnerstag,72,low,2015,8,06.08.15,9,Verkehrsueberlastung,Geplante Stoerung,06.08.2015 17:24 Uhr: Auf der Linie 9 ist infolge Verkehrueberlastung mit Verspaetungen und unregelmaessigem Betrieb zu rechnen. Dauer: ca. 1h.,06.08.15 17:24,06.08.15 18:35,Wabern - Wankdorf Bahnhof
Kundgebung_oder_Veranstaltung,740,Sonntag,44,low,2015,8,09.08.15,10,Kundgebung oder Veranstaltung,Geplante Stoerung,09.08.2015 12:17 Uhr: Auf den Linien 9 und 10 ist infolge einer Kundgebung mit Verspaetungen und unregelmaessigem Betrieb zu rechnen. Dauer: ca. 1h.,09.08.15 12:18,09.08.15 13:02,Köniz Schliern - Ostermundigen Rüti
Kundgebung_oder_Veranstaltung,741,Sonntag,44,low,2015,8,09.08.15,9,Kundgebung oder Veranstaltung,Geplante Stoerung,09.08.2015 12:17 Uhr: Auf den Linien 9 und 10 ist infolge einer Kundgebung mit Verspaetungen und unregelmaessigem Betrieb zu rechnen. Dauer: ca. 1h.,09.08.15 12:18,09.08.15 13:02,Wabern - Wankdorf Bahnhof
Kundgebung_oder_Veranstaltung,742,Sonntag,56,low,2015,8,09.08.15,9,Kundgebung oder Veranstaltung,Geplante Stoerung,09.08.2015 12:18 Uhr: Auf der Linie 9 ist infolge einer Kundgebung mit Verspaetungen und unregelmaessigem Betrieb zu rechnen. Dauer: ca. 1h.,09.08.15 12:18,09.08.15 13:13,Wabern - Wankdorf Bahnhof
Kundgebung_oder_Veranstaltung,743,Sonntag,310,medium,2015,8,09.08.15,9,Kundgebung oder Veranstaltung,Stoerung,Die Linie 9 faehrt ab 14:00 Uhr infolge einer Veranstaltung bis/ab Guisanplatz Expo. Die Strecke Guisanplatz - Wankdorfbahnhof wird bis 19:10 Uhr nicht bedient.,09.08.15 14:00,09.08.15 19:10,Wabern - Wankdorf Bahnhof
Unregelmaessiger_Betrieb_und_Umleitungen,744,Samstag,480,medium,2015,8,22.08.15,10,Unregelmaessiger Betrieb und Umleitungen,Stoerung,Die Linien 10 und 19 werden infolge des klassischen Openairkonzertes auf dem Bundesplatz durch die Spital-/Marktgasse umgeleitet.,22.08.15 15:00,22.08.15 23:00,Köniz Schliern - Ostermundigen Rüti
Unregelmaessiger_Betrieb_und_Umleitungen,745,Samstag,480,medium,2015,8,22.08.15,19,Unregelmaessiger Betrieb und Umleitungen,Stoerung,Die Linien 10 und 19 werden infolge des klassischen Openairkonzertes auf dem Bundesplatz durch die Spital-/Marktgasse umgeleitet.,22.08.15 15:00,22.08.15 23:00,Blinzern - Elfenau
Verkehrsueberlastung,746,Montag,85,low,2015,8,10.08.15,20,Verkehrsueberlastung,Geplante Stoerung,10.08.2015 17:52 Uhr: Auf der Linie 20 ist infolge Verkehrueberlastung mit Verspaetungen und unregelmaessigem Betrieb zu rechnen. Dauer: ca. 1h.,10.08.15 17:53,10.08.15 19:17,Bern Bahnhof - Wankdorf Bahnhof
Verkehrsueberlastung,747,Montag,85,low,2015,8,10.08.15,20,Verkehrsueberlastung,Geplante Stoerung,10.08.2015 17:52 Uhr: Auf der Linie 20 ist infolge Verkehrueberlastung mit Verspaetungen und unregelmaessigem Betrieb zu rechnen. Dauer: ca. 1h.,10.08.15 17:53,10.08.15 19:17,Bern Bahnhof - Wankdorf Bahnhof
Bauarbeiten,748,Mittwoch,81,low,2015,8,12.08.15,17,Bauarbeiten,Stoerung,Auf der Linie 17 ist infolge Bauarbeiten mit Verspaetungen und unregelmaessigem Betrieb zu rechnen.,12.08.15 17:31,12.08.15 18:51,Bern Bahnhof - Köniz Weiermatt
Verkehrsueberlastung,749,Mittwoch,60,low,2015,8,12.08.15,6,Verkehrsueberlastung,Stoerung,Auf den Linien 6 7 und 8 ist infolge Verkehrueberlastung mit Verspaetungen und unregelmaessigem Betrieb zu rechnen.,12.08.15 17:46,12.08.15 18:46,Fischermätteli - Worb Dorf
Verkehrsueberlastung,750,Mittwoch,60,low,2015,8,12.08.15,7,Verkehrsueberlastung,Stoerung,Auf den Linien 6 7 und 8 ist infolge Verkehrueberlastung mit Verspaetungen und unregelmaessigem Betrieb zu rechnen.,12.08.15 17:46,12.08.15 18:46,Bümpliz - Ostring
Verkehrsueberlastung,751,Mittwoch,60,low,2015,8,12.08.15,8,Verkehrsueberlastung,Stoerung,Auf den Linien 6 7 und 8 ist infolge Verkehrueberlastung mit Verspaetungen und unregelmaessigem Betrieb zu rechnen.,12.08.15 17:46,12.08.15 18:46,Brünnen Westside Bahnhof - Saali
Fahrzeugpanne,752,Donnerstag,18,verylow,2015,8,13.08.15,6,Fahrzeugpanne,Stoerung,Infolge Fahrzeugpanne koennen die Linien 6 7 8 und 9. Die Strecke zwischen Bahnhof Bern und Zytglogge nicht befahren werden. Die Trams auf der Ostseite fahren zwischen Guisanplatz und Ostring Saali und Worb. Die Tramzuege vom Westen wenden in der Wallgasse.,13.08.15 18:12,13.08.15 18:30,Fischermätteli - Worb Dorf
Fahrzeugpanne,753,Donnerstag,18,verylow,2015,8,13.08.15,7,Fahrzeugpanne,Stoerung,Infolge Fahrzeugpanne koennen die Linien 6 7 8 und 9. Die Strecke zwischen Bahnhof Bern und Zytglogge nicht befahren werden. Die Trams auf der Ostseite fahren zwischen Guisanplatz und Ostring Saali und Worb. Die Tramzuege vom Westen wenden in der Wallgasse.,13.08.15 18:12,13.08.15 18:30,Bümpliz - Ostring
Fahrzeugpanne,754,Donnerstag,18,verylow,2015,8,13.08.15,8,Fahrzeugpanne,Stoerung,Infolge Fahrzeugpanne koennen die Linien 6 7 8 und 9. Die Strecke zwischen Bahnhof Bern und Zytglogge nicht befahren werden. Die Trams auf der Ostseite fahren zwischen Guisanplatz und Ostring Saali und Worb. Die Tramzuege vom Westen wenden in der Wallgasse.,13.08.15 18:12,13.08.15 18:30,Brünnen Westside Bahnhof - Saali
Fahrzeugpanne,755,Donnerstag,18,verylow,2015,8,13.08.15,9,Fahrzeugpanne,Stoerung,Infolge Fahrzeugpanne koennen die Linien 6 7 8 und 9. Die Strecke zwischen Bahnhof Bern und Zytglogge nicht befahren werden. Die Trams auf der Ostseite fahren zwischen Guisanplatz und Ostring Saali und Worb. Die Tramzuege vom Westen wenden in der Wallgasse.,13.08.15 18:12,13.08.15 18:30,Wabern - Wankdorf Bahnhof
Fahrzeugpanne,756,Donnerstag,89,low,2015,8,13.08.15,6,Fahrzeugpanne,Stoerung,Auf den Linien 6 7 8 9 und 12 ist infolge einer Fahrzeugpanne mit Verspaetungen und unregelmaessigem Betrieb zu rechnen.,13.08.15 18:31,13.08.15 19:59,Fischermätteli - Worb Dorf
Fahrzeugpanne,757,Donnerstag,89,low,2015,8,13.08.15,7,Fahrzeugpanne,Stoerung,Auf den Linien 6 7 8 9 und 12 ist infolge einer Fahrzeugpanne mit Verspaetungen und unregelmaessigem Betrieb zu rechnen.,13.08.15 18:31,13.08.15 19:59,Bümpliz - Ostring
Fahrzeugpanne,758,Donnerstag,89,low,2015,8,13.08.15,8,Fahrzeugpanne,Stoerung,Auf den Linien 6 7 8 9 und 12 ist infolge einer Fahrzeugpanne mit Verspaetungen und unregelmaessigem Betrieb zu rechnen.,13.08.15 18:31,13.08.15 19:59,Brünnen Westside Bahnhof - Saali
Fahrzeugpanne,759,Donnerstag,89,low,2015,8,13.08.15,9,Fahrzeugpanne,Stoerung,Auf den Linien 6 7 8 9 und 12 ist infolge einer Fahrzeugpanne mit Verspaetungen und unregelmaessigem Betrieb zu rechnen.,13.08.15 18:31,13.08.15 19:59,Wabern - Wankdorf Bahnhof
Fahrzeugpanne,760,Donnerstag,89,low,2015,8,13.08.15,12,Fahrzeugpanne,Stoerung,Auf den Linien 6 7 8 9 und 12 ist infolge einer Fahrzeugpanne mit Verspaetungen und unregelmaessigem Betrieb zu rechnen.,13.08.15 18:31,13.08.15 19:59,Längasse - Zentrum Paul Klee
Fahrzeugpanne,761,Donnerstag,89,low,2015,8,13.08.15,12,Fahrzeugpanne,Stoerung,Auf den Linien 6 7 8 9 und 12 ist infolge einer Fahrzeugpanne mit Verspaetungen und unregelmaessigem Betrieb zu rechnen.,13.08.15 18:31,13.08.15 19:59,Längasse - Zentrum Paul Klee
Kundgebung_oder_Veranstaltung,762,Donnerstag,330,medium,2015,8,20.08.15,9,Kundgebung oder Veranstaltung,Stoerung,Die Linie 9 faehrt ab 18:00 Uhr infolge einer Veranstaltung bis/ab Guisanplatz. Die Strecke Guisanplatz - Wankdorf wird bis 23:30 Uhr nicht bedient.,20.08.15 18:00,20.08.15 23:30,Wabern - Wankdorf Bahnhof
Verkehrsueberlastung,763,Freitag,135,medium,2015,8,14.08.15,11,Verkehrsueberlastung,Geplante Stoerung,14.08.2015 17:00 Uhr: Auf der Linie 11 ist infolge Verkehrueberlastung mit Verspaetungen und unregelmaessigem Betrieb zu rechnen. Dauer: ca. 2h.,14.08.15 17:00,14.08.15 19:15,Holligen - Neufeld P+R
Verkehrsueberlastung,764,Freitag,135,medium,2015,8,14.08.15,11,Verkehrsueberlastung,Geplante Stoerung,14.08.2015 17:00 Uhr: Auf der Linie 11 ist infolge Verkehrueberlastung mit Verspaetungen und unregelmaessigem Betrieb zu rechnen. Dauer: ca. 2h.,14.08.15 17:00,14.08.15 19:15,Holligen - Neufeld P+R
Verkehrsueberlastung,765,Freitag,104,low,2015,8,14.08.15,17,Verkehrsueberlastung,Geplante Stoerung,14.08.2015 17:15 Uhr: Auf der Linie 17 ist infolge Verkehrueberlastung mit Verspaetungen und unregelmaessigem Betrieb zu rechnen. Dauer: ca. 2h.,14.08.15 17:19,14.08.15 19:03,Bern Bahnhof - Köniz Weiermatt
Fahrzeugpanne,766,Montag,44,low,2015,8,17.08.15,160,Fahrzeugpanne,Stoerung,Auf der Linie 160 faellt infolge einer Fahrzeugpanne der Kurs um 07:59 Uhr ab Konolfingen Dorf Richtung Bern Flughafen aus. Die naechste Abfahrt erfolgt um 08:59 Uhr.,17.08.15 08:07,17.08.15 08:51,Konolfingen - Belp
Fahrzeugpanne,767,Montag,36,low,2015,8,17.08.15,160,Fahrzeugpanne,Stoerung,Auf der Linie 160 faellt infolge einer Fahrzeugpanne der Kurs um 07:59 Uhr ab Konolfingen Dorf Richtung Bern Flughafen aus. Die naechste Abfahrt erfolgt um 08:59 Uhr.,17.08.15 08:15,17.08.15 08:50,Konolfingen - Belp
Verkehrsueberlastung,768,Montag,90,low,2015,8,17.08.15,6,Verkehrsueberlastung,Stoerung,Auf den Linien 6 7 8 und 28 ist infolge Verkehrueberlastung mit Verspaetungen und unregelmaessigem Betrieb zu rechnen. Dauer: bis 17.08.2015 ca. 19:00 Uhr.,17.08.15 17:30,17.08.15 19:00,Fischermätteli - Worb Dorf
Verkehrsueberlastung,769,Montag,90,low,2015,8,17.08.15,7,Verkehrsueberlastung,Stoerung,Auf den Linien 6 7 8 und 28 ist infolge Verkehrueberlastung mit Verspaetungen und unregelmaessigem Betrieb zu rechnen. Dauer: bis 17.08.2015 ca. 19:00 Uhr.,17.08.15 17:30,17.08.15 19:00,Bümpliz - Ostring
Verkehrsueberlastung,770,Montag,90,low,2015,8,17.08.15,8,Verkehrsueberlastung,Stoerung,Auf den Linien 6 7 8 und 28 ist infolge Verkehrueberlastung mit Verspaetungen und unregelmaessigem Betrieb zu rechnen. Dauer: bis 17.08.2015 ca. 19:00 Uhr.,17.08.15 17:30,17.08.15 19:00,Brünnen Westside Bahnhof - Saali
Verkehrsueberlastung,771,Montag,60,low,2015,8,17.08.15,17,Verkehrsueberlastung,Stoerung,Auf der Linie 17 ist infolge Verkehrueberlastung mit Verspaetungen und unregelmaessigem Betrieb zu rechnen. Dauer: bis 17.08.2015 ca. 19:00 Uhr.,17.08.15 18:00,17.08.15 19:00,Bern Bahnhof - Köniz Weiermatt
Verkehrsueberlastung,772,Dienstag,83,low,2015,8,18.08.15,6,Verkehrsueberlastung,Stoerung,Auf den Linien 6 7 8 und 9 ist infolge Verkehrueberlastung mit Verspaetungen und Kursausfaellen zu rechnen.,18.08.15 17:27,18.08.15 18:50,Fischermätteli - Worb Dorf
Verkehrsueberlastung,773,Dienstag,83,low,2015,8,18.08.15,7,Verkehrsueberlastung,Stoerung,Auf den Linien 6 7 8 und 9 ist infolge Verkehrueberlastung mit Verspaetungen und Kursausfaellen zu rechnen.,18.08.15 17:27,18.08.15 18:50,Bümpliz - Ostring
Verkehrsueberlastung,774,Dienstag,83,low,2015,8,18.08.15,8,Verkehrsueberlastung,Stoerung,Auf den Linien 6 7 8 und 9 ist infolge Verkehrueberlastung mit Verspaetungen und Kursausfaellen zu rechnen.,18.08.15 17:27,18.08.15 18:50,Brünnen Westside Bahnhof - Saali
Verkehrsueberlastung,775,Dienstag,83,low,2015,8,18.08.15,9,Verkehrsueberlastung,Stoerung,Auf den Linien 6 7 8 und 9 ist infolge Verkehrueberlastung mit Verspaetungen und Kursausfaellen zu rechnen.,18.08.15 17:27,18.08.15 18:50,Wabern - Wankdorf Bahnhof
Unregelmaessiger_Betrieb_und_Umleitungen,776,Samstag,1160,high,2015,8,29.08.15,10,Unregelmaessiger Betrieb und Umleitungen,Stoerung,Die Linien 10 und 28 werden infolge des Ostermundigenmaerits ueber die Bahnhof-/Mitteldorfstrasse umgeleitet.,29.08.15 05:00,30.08.15 00:20,Köniz Schliern - Ostermundigen Rüti
Fahrzeugpanne,777,Donnerstag,74,low,2015,8,20.08.15,160,Fahrzeugpanne,Stoerung,Auf der Linie 160 faellt infolge einer Fahrzeugpanne der Kurs um 14:04 Uhr ab Bern Flughafen Richtung Konolfingen Dorf aus. Die naechste Abfahrt erfolgt um 15:04 Uhr.  ,20.08.15 14:05,20.08.15 15:19,Konolfingen - Belp
Verkehrsunfall,778,Donnerstag,87,low,2015,8,20.08.15,17,Verkehrsunfall,Geplante Stoerung,20.08.2015 17:11 Uhr: Auf der Linie 17 ist infolge eines Verkehrsunfalls mit Verspaetungen zu rechnen. Dauer: ca. 1h.,20.08.15 17:12,20.08.15 18:38,Bern Bahnhof - Köniz Weiermatt
Verkehrsunfall,779,Donnerstag,74,low,2015,8,20.08.15,8,Verkehrsunfall,Geplante Stoerung,20.08.2015 18:58 Uhr: Auf der Linie 8 ist nach einem Verkehrsunfall noch mit Verspaetungen zu rechnen. Dauer: ca. 1h.,20.08.15 18:58,20.08.15 20:12,Brünnen Westside Bahnhof - Saali
Kundgebung_oder_Veranstaltung,780,Samstag,21,verylow,2015,8,22.08.15,6,Kundgebung oder Veranstaltung,Geplante Stoerung,22.08.2015 17:55 Uhr: Auf den Linien 6 7 8 9 10 12 und 19 ist infolge einer Kundgebung mit Verspaetungen und unregelmaessigem Betrieb zu rechnen. Dauer: unbestimmt.,22.08.15 17:56,22.08.15 18:17,Fischermätteli - Worb Dorf
Kundgebung_oder_Veranstaltung,781,Samstag,21,verylow,2015,8,22.08.15,7,Kundgebung oder Veranstaltung,Geplante Stoerung,22.08.2015 17:55 Uhr: Auf den Linien 6 7 8 9 10 12 und 19 ist infolge einer Kundgebung mit Verspaetungen und unregelmaessigem Betrieb zu rechnen. Dauer: unbestimmt.,22.08.15 17:56,22.08.15 18:17,Bümpliz - Ostring
Kundgebung_oder_Veranstaltung,782,Samstag,21,verylow,2015,8,22.08.15,8,Kundgebung oder Veranstaltung,Geplante Stoerung,22.08.2015 17:55 Uhr: Auf den Linien 6 7 8 9 10 12 und 19 ist infolge einer Kundgebung mit Verspaetungen und unregelmaessigem Betrieb zu rechnen. Dauer: unbestimmt.,22.08.15 17:56,22.08.15 18:17,Brünnen Westside Bahnhof - Saali
Kundgebung_oder_Veranstaltung,783,Samstag,21,verylow,2015,8,22.08.15,9,Kundgebung oder Veranstaltung,Geplante Stoerung,22.08.2015 17:55 Uhr: Auf den Linien 6 7 8 9 10 12 und 19 ist infolge einer Kundgebung mit Verspaetungen und unregelmaessigem Betrieb zu rechnen. Dauer: unbestimmt.,22.08.15 17:56,22.08.15 18:17,Wabern - Wankdorf Bahnhof
Kundgebung_oder_Veranstaltung,784,Samstag,21,verylow,2015,8,22.08.15,10,Kundgebung oder Veranstaltung,Geplante Stoerung,22.08.2015 17:55 Uhr: Auf den Linien 6 7 8 9 10 12 und 19 ist infolge einer Kundgebung mit Verspaetungen und unregelmaessigem Betrieb zu rechnen. Dauer: unbestimmt.,22.08.15 17:56,22.08.15 18:17,Köniz Schliern - Ostermundigen Rüti
Kundgebung_oder_Veranstaltung,785,Samstag,21,verylow,2015,8,22.08.15,12,Kundgebung oder Veranstaltung,Geplante Stoerung,22.08.2015 17:55 Uhr: Auf den Linien 6 7 8 9 10 12 und 19 ist infolge einer Kundgebung mit Verspaetungen und unregelmaessigem Betrieb zu rechnen. Dauer: unbestimmt.,22.08.15 17:56,22.08.15 18:17,Längasse - Zentrum Paul Klee
Kundgebung_oder_Veranstaltung,786,Samstag,21,verylow,2015,8,22.08.15,19,Kundgebung oder Veranstaltung,Geplante Stoerung,22.08.2015 17:55 Uhr: Auf den Linien 6 7 8 9 10 12 und 19 ist infolge einer Kundgebung mit Verspaetungen und unregelmaessigem Betrieb zu rechnen. Dauer: unbestimmt.,22.08.15 17:56,22.08.15 18:17,Blinzern - Elfenau
Kundgebung_oder_Veranstaltung,787,Samstag,21,verylow,2015,8,22.08.15,12,Kundgebung oder Veranstaltung,Geplante Stoerung,22.08.2015 17:55 Uhr: Auf den Linien 6 7 8 9 10 12 und 19 ist infolge einer Kundgebung mit Verspaetungen und unregelmaessigem Betrieb zu rechnen. Dauer: unbestimmt.,22.08.15 17:56,22.08.15 18:17,Längasse - Zentrum Paul Klee
Fahrzeugpanne,788,Sonntag,37,low,2015,8,23.08.15,9,Fahrzeugpanne,Stoerung,Auf der Linie 9 ist infolge einer Fahrzeugpanne mit Verspaetungen und Kursausfaellen zu rechnen. Dauer: bis 23.08.2015 ca. 19:01 Uhr.,23.08.15 18:24,23.08.15 19:01,Wabern - Wankdorf Bahnhof
Fahrzeugpanne,789,Montag,50,low,2015,8,24.08.15,19,Fahrzeugpanne,Geplante Stoerung,24.08.2015 06:16 Uhr: Auf der Linie 19 ist infolge einer Fahrzeugpanne auf der Strecke zwischen Elfenau und Blinzern mit Verspaetungen und unregelmaessigem Betrieb zu rechnen. Dauer: unbestimmt.,24.08.15 06:17,24.08.15 07:07,Blinzern - Elfenau
Verkehrsunfall,790,Dienstag,26,verylow,2015,8,25.08.15,12,Verkehrsunfall,Geplante Stoerung,25.08.2015 07:07 Uhr: Auf der Linie 12 ist infolge eines Verkehrsunfalls mit Verspaetungen und Kursausfaellen zu rechnen. Dauer: ca. 30 Min.,25.08.15 07:07,25.08.15 07:33,Längasse - Zentrum Paul Klee
Verkehrsunfall,791,Dienstag,26,verylow,2015,8,25.08.15,12,Verkehrsunfall,Geplante Stoerung,25.08.2015 07:07 Uhr: Auf der Linie 12 ist infolge eines Verkehrsunfalls mit Verspaetungen und Kursausfaellen zu rechnen. Dauer: ca. 30 Min.,25.08.15 07:07,25.08.15 07:33,Längasse - Zentrum Paul Klee
Bauarbeiten,792,Dienstag,80,low,2015,8,25.08.15,17,Bauarbeiten,Stoerung,Auf der Linie 17 ist infolge Bauarbeiten mit Verspaetungen und unregelmaessigem Betrieb zu rechnen.,25.08.15 17:28,25.08.15 18:48,Bern Bahnhof - Köniz Weiermatt
Verkehrsueberlastung,793,Dienstag,76,low,2015,8,25.08.15,10,Verkehrsueberlastung,Stoerung,Auf der Linie 10 ist infolge Verkehrueberlastung mit Verspaetungen und unregelmaessigem Betrieb zu rechnen.,25.08.15 17:31,25.08.15 18:47,Köniz Schliern - Ostermundigen Rüti
Verkehrsunfall,794,Mittwoch,17,verylow,2015,8,26.08.15,11,Verkehrsunfall,Stoerung,Auf der Linie 11 ist infolge eines Verkehrsunfalls mit Verspaetungen und unregelmaessigem Betrieb zu rechnen.,26.08.15 09:53,26.08.15 10:10,Holligen - Neufeld P+R
Verkehrsunfall,795,Mittwoch,17,verylow,2015,8,26.08.15,11,Verkehrsunfall,Stoerung,Auf der Linie 11 ist infolge eines Verkehrsunfalls mit Verspaetungen und unregelmaessigem Betrieb zu rechnen.,26.08.15 09:53,26.08.15 10:10,Holligen - Neufeld P+R
Bauarbeiten,796,Mittwoch,114,low,2015,8,26.08.15,10,Bauarbeiten,Geplante Stoerung,26.08.2015 16:54 Uhr: Auf den Linien 10 und 19 ist infolge Bauarbeiten mit Verspaetungen und unregelmaessigem Betrieb zu rechnen. Dauer: unbestimmt.,26.08.15 16:55,26.08.15 18:48,Köniz Schliern - Ostermundigen Rüti
Bauarbeiten,797,Mittwoch,114,low,2015,8,26.08.15,19,Bauarbeiten,Geplante Stoerung,26.08.2015 16:54 Uhr: Auf den Linien 10 und 19 ist infolge Bauarbeiten mit Verspaetungen und unregelmaessigem Betrieb zu rechnen. Dauer: unbestimmt.,26.08.15 16:55,26.08.15 18:48,Blinzern - Elfenau
Verkehrsueberlastung,798,Mittwoch,98,low,2015,8,26.08.15,17,Verkehrsueberlastung,Geplante Stoerung,26.08.2015 17:19 Uhr: Auf der Linie 17 ist infolge Verkehrueberlastung mit Verspaetungen und unregelmaessigem Betrieb zu rechnen. Dauer: unbestimmt.,26.08.15 17:20,26.08.15 18:58,Bern Bahnhof - Köniz Weiermatt
Kundgebung_oder_Veranstaltung,799,Donnerstag,431,medium,2015,9,03.09.15,10,Kundgebung oder Veranstaltung,Stoerung,Die Linien 10 und 19 sind infolge einer Veranstaltung auf dem Bundesplatz stadtauswaerts durch die Spital- / und Marktgasse umgeleitet.,03.09.15 09:00,03.09.15 16:10,Köniz Schliern - Ostermundigen Rüti
Kundgebung_oder_Veranstaltung,800,Donnerstag,431,medium,2015,9,03.09.15,19,Kundgebung oder Veranstaltung,Stoerung,Die Linien 10 und 19 sind infolge einer Veranstaltung auf dem Bundesplatz stadtauswaerts durch die Spital- / und Marktgasse umgeleitet.,03.09.15 09:00,03.09.15 16:10,Blinzern - Elfenau
Fahrzeugpanne,801,Freitag,39,low,2015,8,28.08.15,9,Fahrzeugpanne,Geplante Stoerung,28.08.2015 16:42 Uhr: Auf der Linie 9 ist infolge einer Fahrzeugpanne mit Verspaetungen und unregelmaessigem Betrieb zu rechnen.,28.08.15 16:43,28.08.15 17:22,Wabern - Wankdorf Bahnhof
Bauarbeiten,802,Montag,118,low,2015,8,31.08.15,10,Bauarbeiten,Stoerung,Auf den Linien 10 und 29 ist infolge Bauarbeiten in Liebefeld mit unregelmaessigem Betrieb und Kursausfaellen zu rechnen. Dauer: Unbestimmt,31.08.15 08:43,31.08.15 10:41,Köniz Schliern - Ostermundigen Rüti
Kundgebung_oder_Veranstaltung,803,Samstag,970,high,2015,9,05.09.15,9,Kundgebung oder Veranstaltung,Stoerung,Die Linie 9 faehrt infolge einer Veranstaltung bis/ab Guisanplatz. Die Strecke Guisanplatz - Wankdorfbahnhof wird bis 00:25 Uhr nicht bedient.,05.09.15 08:15,06.09.15 00:25,Wabern - Wankdorf Bahnhof
Kundgebung_oder_Veranstaltung,804,Samstag,970,high,2015,9,05.09.15,20,Kundgebung oder Veranstaltung,Stoerung,Die Linie 20 faehrt infolge einer Veranstaltung bis/ab Wyler. Wankdorf/Bahnhof wird bis 00:25 Uhr nicht bedient.,05.09.15 08:15,06.09.15 00:25,Bern Bahnhof - Wankdorf Bahnhof
Kundgebung_oder_Veranstaltung,805,Samstag,970,high,2015,9,05.09.15,20,Kundgebung oder Veranstaltung,Stoerung,Die Linie 20 faehrt infolge einer Veranstaltung bis/ab Wyler. Wankdorf/Bahnhof wird bis 00:25 Uhr nicht bedient.,05.09.15 08:15,06.09.15 00:25,Bern Bahnhof - Wankdorf Bahnhof
Verkehrsueberlastung,806,Dienstag,63,low,2015,9,01.09.15,17,Verkehrsueberlastung,Geplante Stoerung,01.09.2015 17:26 Uhr: Auf der Linie 17 ist infolge Verkehrueberlastung mit Verspaetungen und unregelmaessigem Betrieb zu rechnen. Dauer: unbestimmt.,01.09.15 17:27,01.09.15 18:30,Bern Bahnhof - Köniz Weiermatt
Verkehrsueberlastung,807,Dienstag,27,verylow,2015,9,01.09.15,10,Verkehrsueberlastung,Geplante Stoerung,01.09.2015 18:03 Uhr: Auf der Linie 10 ist infolge Verkehrueberlastung mit Verspaetungen und unregelmaessigem Betrieb zu rechnen. Dauer: unbestimmt.,01.09.15 18:03,01.09.15 18:29,Köniz Schliern - Ostermundigen Rüti
Verkehrsunfall,808,Mittwoch,33,low,2015,9,02.09.15,10,Verkehrsunfall,Geplante Stoerung,02.09.2015 11:10 Uhr: Auf der Linie 10 ist infolge eines Verkehrsunfalls mit Verspaetungen und unregelmaessigem Betrieb zu rechnen. Dauer: ca. 1h.,02.09.15 11:15,02.09.15 11:48,Köniz Schliern - Ostermundigen Rüti
Verkehrsueberlastung,809,Mittwoch,73,low,2015,9,02.09.15,10,Verkehrsueberlastung,Stoerung,Auf der Linie 10 ist infolge Verkehrueberlastung mit Verspaetungen und unregelmaessigem Betrieb zu rechnen.,02.09.15 17:37,02.09.15 18:50,Köniz Schliern - Ostermundigen Rüti
Verkehrsunfall,810,Donnerstag,45,low,2015,9,03.09.15,6,Verkehrsunfall,Geplante Stoerung,03.09.2015 08:30 Uhr: Auf den Linien 6 7 8 19 und 28 ist infolge eines Unfalls am Thunplatz mit unregelmaessigem Betrieb zu rechnen. Dauer: unbestimmt.,03.09.15 08:32,03.09.15 09:16,Fischermätteli - Worb Dorf
Verkehrsunfall,811,Donnerstag,45,low,2015,9,03.09.15,7,Verkehrsunfall,Geplante Stoerung,03.09.2015 08:30 Uhr: Auf den Linien 6 7 8 19 und 28 ist infolge eines Unfalls am Thunplatz mit unregelmaessigem Betrieb zu rechnen. Dauer: unbestimmt.,03.09.15 08:32,03.09.15 09:16,Bümpliz - Ostring
Verkehrsunfall,812,Donnerstag,45,low,2015,9,03.09.15,8,Verkehrsunfall,Geplante Stoerung,03.09.2015 08:30 Uhr: Auf den Linien 6 7 8 19 und 28 ist infolge eines Unfalls am Thunplatz mit unregelmaessigem Betrieb zu rechnen. Dauer: unbestimmt.,03.09.15 08:32,03.09.15 09:16,Brünnen Westside Bahnhof - Saali
Verkehrsunfall,813,Donnerstag,45,low,2015,9,03.09.15,19,Verkehrsunfall,Geplante Stoerung,03.09.2015 08:30 Uhr: Auf den Linien 6 7 8 19 und 28 ist infolge eines Unfalls am Thunplatz mit unregelmaessigem Betrieb zu rechnen. Dauer: unbestimmt.,03.09.15 08:32,03.09.15 09:16,Blinzern - Elfenau
Bauarbeiten,814,Donnerstag,73,low,2015,9,03.09.15,10,Bauarbeiten,Geplante Stoerung,03.09.2015 08:34 Uhr: Auf der Linie 10 ist infolge Bauarbeiten mit unregelmaessigem Betrieb zu rechnen. Dauer: unbestimmt.,03.09.15 08:34,03.09.15 09:46,Köniz Schliern - Ostermundigen Rüti
Bauarbeiten,815,Donnerstag,32,low,2015,9,03.09.15,17,Bauarbeiten,Geplante Stoerung,03.09.2015 12:27 Uhr: Auf der Linie 17 ist infolge Bauarbeiten mit Verspaetungen und unregelmaessigem Betrieb zu rechnen. Dauer: unbestimmt.,03.09.15 12:27,03.09.15 12:59,Bern Bahnhof - Köniz Weiermatt
Bauarbeiten,816,Dienstag,270,medium,2015,9,08.09.15,12,Bauarbeiten,Geplante Stoerung,08.09.2015 ab 20 Uhr: Auf den Linien 12 und 30 fahren die Busse infolge Belagsarbeiten beim Grossen Muristalden auf einer Umleitungsstrecke. Die Haltestellen Rathaus Baerengraben und Liebegg werden von der Linie 12 nicht bedient. Dauer: bis 09.09.2015 ca. 00.30 Uhr.,08.09.15 20:00,09.09.15 00:30,Längasse - Zentrum Paul Klee
Bauarbeiten,817,Dienstag,270,medium,2015,9,08.09.15,12,Bauarbeiten,Geplante Stoerung,08.09.2015 ab 20 Uhr: Auf den Linien 12 und 30 fahren die Busse infolge Belagsarbeiten beim Grossen Muristalden auf einer Umleitungsstrecke. Die Haltestellen Rathaus Baerengraben und Liebegg werden von der Linie 12 nicht bedient. Dauer: bis 09.09.2015 ca. 00.30 Uhr.,08.09.15 20:00,09.09.15 00:30,Längasse - Zentrum Paul Klee
Kundgebung_oder_Veranstaltung,818,Samstag,450,medium,2015,9,12.09.15,9,Kundgebung oder Veranstaltung,Stoerung,Die Linie 9 faehrt ab 18:00h infolge einer Veranstaltung bis/ab Guisanplatz. Die Strecke Guisanplatz-Wankdorf wird bis 23:30h nicht bedient.,12.09.15 16:00,12.09.15 23:30,Wabern - Wankdorf Bahnhof
Kundgebung_oder_Veranstaltung,819,Mittwoch,485,medium,2015,9,23.09.15,3,Kundgebung oder Veranstaltung,Stoerung,Die L3/9 faehrt ab 18:15 Uhr infolge einer Veranstaltung bis/ab Guisanplatz. Die Strecke Guisanplatz - Wankdorf/Bahnhof wird bis Betriebsschluss nicht bedient.,23.09.15 16:15,24.09.15 00:20,Bern Bahnhof - Weissenbühl
Kundgebung_oder_Veranstaltung,820,Mittwoch,485,medium,2015,9,23.09.15,9,Kundgebung oder Veranstaltung,Stoerung,Die L3/9 faehrt ab 18:15 Uhr infolge einer Veranstaltung bis/ab Guisanplatz. Die Strecke Guisanplatz - Wankdorf/Bahnhof wird bis Betriebsschluss nicht bedient.,23.09.15 16:15,24.09.15 00:20,Wabern - Wankdorf Bahnhof
Kundgebung_oder_Veranstaltung,821,Mittwoch,490,medium,2015,9,23.09.15,20,Kundgebung oder Veranstaltung,Stoerung,Die Linie 20 faehrt ab 18:15 Uhr bis 00:25 Uhr infolge einer Veranstaltung bis/ab Wyler. Wankdorf/Bahnhof wird bis 00:25 Uhr nicht bedient.,23.09.15 16:15,24.09.15 00:25,Bern Bahnhof - Wankdorf Bahnhof
Kundgebung_oder_Veranstaltung,822,Mittwoch,490,medium,2015,9,23.09.15,20,Kundgebung oder Veranstaltung,Stoerung,Die Linie 20 faehrt ab 18:15 Uhr bis 00:25 Uhr infolge einer Veranstaltung bis/ab Wyler. Wankdorf/Bahnhof wird bis 00:25 Uhr nicht bedient.,23.09.15 16:15,24.09.15 00:25,Bern Bahnhof - Wankdorf Bahnhof
Kundgebung_oder_Veranstaltung,823,Samstag,14,verylow,2015,9,05.09.15,11,Kundgebung oder Veranstaltung,Geplante Stoerung,05.09.2015 19:25 Uhr: Auf den Linien 11 20 und 21 ist infolge einer Kundgebung mit Verspaetungen zu rechnen. Dauer: unbestimmt.,05.09.15 19:26,05.09.15 19:40,Holligen - Neufeld P+R
Kundgebung_oder_Veranstaltung,824,Samstag,14,verylow,2015,9,05.09.15,20,Kundgebung oder Veranstaltung,Geplante Stoerung,05.09.2015 19:25 Uhr: Auf den Linien 11 20 und 21 ist infolge einer Kundgebung mit Verspaetungen zu rechnen. Dauer: unbestimmt.,05.09.15 19:26,05.09.15 19:40,Bern Bahnhof - Wankdorf Bahnhof
Kundgebung_oder_Veranstaltung,825,Samstag,14,verylow,2015,9,05.09.15,11,Kundgebung oder Veranstaltung,Geplante Stoerung,05.09.2015 19:25 Uhr: Auf den Linien 11 20 und 21 ist infolge einer Kundgebung mit Verspaetungen zu rechnen. Dauer: unbestimmt.,05.09.15 19:26,05.09.15 19:40,Holligen - Neufeld P+R
Kundgebung_oder_Veranstaltung,826,Samstag,14,verylow,2015,9,05.09.15,20,Kundgebung oder Veranstaltung,Geplante Stoerung,05.09.2015 19:25 Uhr: Auf den Linien 11 20 und 21 ist infolge einer Kundgebung mit Verspaetungen zu rechnen. Dauer: unbestimmt.,05.09.15 19:26,05.09.15 19:40,Bern Bahnhof - Wankdorf Bahnhof
Bauarbeiten,827,Montag,125,medium,2015,9,07.09.15,12,Bauarbeiten,Geplante Stoerung,07.09.2015 13:59 Uhr: Auf der Linie 12 ist infolge Bauarbeiten mit Verspaetungen und unregelmaessigem Betrieb zu rechnen. Dauer: unbestimmt.,07.09.15 13:59,07.09.15 16:03,Längasse - Zentrum Paul Klee
Bauarbeiten,828,Montag,125,medium,2015,9,07.09.15,12,Bauarbeiten,Geplante Stoerung,07.09.2015 13:59 Uhr: Auf der Linie 12 ist infolge Bauarbeiten mit Verspaetungen und unregelmaessigem Betrieb zu rechnen. Dauer: unbestimmt.,07.09.15 13:59,07.09.15 16:03,Längasse - Zentrum Paul Klee
Bauarbeiten,829,Dienstag,270,medium,2015,9,08.09.15,12,Bauarbeiten,Geplante Stoerung,08.09.2015 ab 20 Uhr: Auf den Linien 12 und 30 fahren die Busse infolge Belagsarbeiten beim Grossen Muristalden auf einer Umleitungsstrecke. Die Haltestellen Rathaus Baerengraben und Liebegg werden von der Linie 12 nicht bedient. Dauer: bis 09.09.2015 ca. 00.30 Uhr. Mehr Infos: http://bit.ly/1KtCrts,08.09.15 20:00,09.09.15 00:30,Längasse - Zentrum Paul Klee
Bauarbeiten,830,Dienstag,270,medium,2015,9,08.09.15,12,Bauarbeiten,Geplante Stoerung,08.09.2015 ab 20 Uhr: Auf den Linien 12 und 30 fahren die Busse infolge Belagsarbeiten beim Grossen Muristalden auf einer Umleitungsstrecke. Die Haltestellen Rathaus Baerengraben und Liebegg werden von der Linie 12 nicht bedient. Dauer: bis 09.09.2015 ca. 00.30 Uhr. Mehr Infos: http://bit.ly/1KtCrts,08.09.15 20:00,09.09.15 00:30,Längasse - Zentrum Paul Klee
Verkehrsueberlastung,831,Mittwoch,71,low,2015,9,09.09.15,10,Verkehrsueberlastung,Stoerung,Auf der Linie 10 ist infolge Verkehrueberlastung mit Verspaetungen und unregelmaessigem Betrieb zu rechnen. Dauer: bis 09.09.2015 ca. 19:00 Uhr.,09.09.15 17:49,09.09.15 19:00,Köniz Schliern - Ostermundigen Rüti
Verkehrsueberlastung,832,Mittwoch,57,low,2015,9,09.09.15,17,Verkehrsueberlastung,Stoerung,Auf der Linie 17 ist infolge Verkehrueberlastung mit Verspaetungen und unregelmaessigem Betrieb zu rechnen. Dauer: bis 09.09.2015 ca. 19:00 Uhr.,09.09.15 18:03,09.09.15 19:00,Bern Bahnhof - Köniz Weiermatt
Verkehrsunfall,833,Donnerstag,30,verylow,2015,9,10.09.15,160,Verkehrsunfall,Stoerung,Auf der Linie 160 ist infolge eines Verkehrsunfalls der Kurs um 14:59 Uhr ab Konolfingen Bahnhof Richtung Belp Bahnhof um ca. 30 Min verspaetet. Der Kurs 15:44 Uhr Belp Bahnhof Richtung Bern Flughafen und retour 16:04 Uhr ab Belp Flughafen Richtung Belp Bahnhof faellt aus.,10.09.15 15:39,10.09.15 16:08,Konolfingen - Belp
Verkehrsueberlastung,834,Donnerstag,83,low,2015,9,10.09.15,10,Verkehrsueberlastung,Stoerung,Auf der Linie 10 ist infolge Verkehrueberlastung mit Verspaetungen und unregelmaessigem Betrieb zu rechnen. Dauer: bis 10.09.2015 ca. 19:00 Uhr.,10.09.15 17:37,10.09.15 19:00,Köniz Schliern - Ostermundigen Rüti
Kundgebung_oder_Veranstaltung,835,Samstag,236,medium,2015,9,12.09.15,6,Kundgebung oder Veranstaltung,Geplante Stoerung,12.09.2015 13:36 Uhr: Auf der Linie 6 ist infolge einer Kundgebung mit Verspaetungen und unregelmaessigem Betrieb zu rechnen. Linie getrennt zwischen Bahnhof und Brunnadernstrasse. Dauer: ca. 2h.,12.09.15 13:39,12.09.15 17:35,Fischermätteli - Worb Dorf
Kundgebung_oder_Veranstaltung,836,Samstag,234,medium,2015,9,12.09.15,7,Kundgebung oder Veranstaltung,Geplante Stoerung,12.09.2015 13:40 Uhr: Auf der Linie 7 ist infolge einer Kundgebung mit Verspaetungen und unregelmaessigem Betrieb zu rechnen. Unterbruch zwischen Bahnhof und Brunnadernstrasse.Dauer: ca. 2h.,12.09.15 13:41,12.09.15 17:35,Bümpliz - Ostring
Kundgebung_oder_Veranstaltung,837,Samstag,230,medium,2015,9,12.09.15,8,Kundgebung oder Veranstaltung,Geplante Stoerung,12.09.2015 13:42 Uhr: Auf der Linie 8 ist infolge einer Kundgebung mit Verspaetungen und unregelmaessigem Betrieb zu rechnen. Alle Kurse fahren ab Bahnhof nach Guisanplatz. Dauer: ca. 2h.,12.09.15 13:46,12.09.15 17:35,Brünnen Westside Bahnhof - Saali
Kundgebung_oder_Veranstaltung,838,Samstag,228,medium,2015,9,12.09.15,19,Kundgebung oder Veranstaltung,Geplante Stoerung,12.09.2015 13:47 Uhr: Auf der Linie 19 ist infolge einer Kundgebung am Helvetiaplatz die Strecke zwischen Bern Bahnhof und Tillierstrasse via Monbijoubruecke umgeleitet. Dauer: ca. 2h.,12.09.15 13:48,12.09.15 17:35,Blinzern - Elfenau
Unregelmaessiger_Betrieb_und_Umleitungen,839,Samstag,1431,high,2015,9,12.09.15,6,Unregelmaessiger Betrieb und Umleitungen,Geplante Stoerung,12.09.2015 17:35 Uhr: Auf den Linien 6 7 8 und 19 faehrt wieder auf der normalen Route jedoch noch mit unregelmaessigen Abfahrtszeiten. Dauer bis ca. 19:00h,12.09.15 17:36,06.10.15 08:14,Fischermätteli - Worb Dorf
Unregelmaessiger_Betrieb_und_Umleitungen,840,Samstag,1431,high,2015,9,12.09.15,7,Unregelmaessiger Betrieb und Umleitungen,Geplante Stoerung,12.09.2015 17:35 Uhr: Auf den Linien 6 7 8 und 19 faehrt wieder auf der normalen Route jedoch noch mit unregelmaessigen Abfahrtszeiten. Dauer bis ca. 19:00h,12.09.15 17:36,06.10.15 08:14,Bümpliz - Ostring
Unregelmaessiger_Betrieb_und_Umleitungen,841,Samstag,1431,high,2015,9,12.09.15,8,Unregelmaessiger Betrieb und Umleitungen,Geplante Stoerung,12.09.2015 17:35 Uhr: Auf den Linien 6 7 8 und 19 faehrt wieder auf der normalen Route jedoch noch mit unregelmaessigen Abfahrtszeiten. Dauer bis ca. 19:00h,12.09.15 17:36,06.10.15 08:14,Brünnen Westside Bahnhof - Saali
Unregelmaessiger_Betrieb_und_Umleitungen,842,Samstag,1431,high,2015,9,12.09.15,19,Unregelmaessiger Betrieb und Umleitungen,Geplante Stoerung,12.09.2015 17:35 Uhr: Auf den Linien 6 7 8 und 19 faehrt wieder auf der normalen Route jedoch noch mit unregelmaessigen Abfahrtszeiten. Dauer bis ca. 19:00h,12.09.15 17:36,06.10.15 08:14,Blinzern - Elfenau
Kundgebung_oder_Veranstaltung,843,Samstag,77,low,2015,9,12.09.15,11,Kundgebung oder Veranstaltung,Geplante Stoerung,12.09.2015 21:28 Uhr: Auf den Linien 11 20 und 21 ist infolge einer Kundgebung die Strecke zwischen Banhof und Henkerbruennli nicht bedient. Dauer: ca. 1h.,12.09.15 21:29,12.09.15 22:46,Holligen - Neufeld P+R
Kundgebung_oder_Veranstaltung,844,Samstag,77,low,2015,9,12.09.15,20,Kundgebung oder Veranstaltung,Geplante Stoerung,12.09.2015 21:28 Uhr: Auf den Linien 11 20 und 21 ist infolge einer Kundgebung die Strecke zwischen Banhof und Henkerbruennli nicht bedient. Dauer: ca. 1h.,12.09.15 21:29,12.09.15 22:46,Bern Bahnhof - Wankdorf Bahnhof
Kundgebung_oder_Veranstaltung,845,Samstag,77,low,2015,9,12.09.15,11,Kundgebung oder Veranstaltung,Geplante Stoerung,12.09.2015 21:28 Uhr: Auf den Linien 11 20 und 21 ist infolge einer Kundgebung die Strecke zwischen Banhof und Henkerbruennli nicht bedient. Dauer: ca. 1h.,12.09.15 21:29,12.09.15 22:46,Holligen - Neufeld P+R
Kundgebung_oder_Veranstaltung,846,Samstag,77,low,2015,9,12.09.15,20,Kundgebung oder Veranstaltung,Geplante Stoerung,12.09.2015 21:28 Uhr: Auf den Linien 11 20 und 21 ist infolge einer Kundgebung die Strecke zwischen Banhof und Henkerbruennli nicht bedient. Dauer: ca. 1h.,12.09.15 21:29,12.09.15 22:46,Bern Bahnhof - Wankdorf Bahnhof
Verkehrsueberlastung,847,Montag,60,low,2015,9,14.09.15,10,Verkehrsueberlastung,Geplante Stoerung,14.09.2015 17:39 Uhr: Auf der Linie 10 ist infolge Verkehrueberlastung mit Verspaetungen und unregelmaessigem Betrieb zu rechnen. Dauer: ca. 1h.,14.09.15 17:39,14.09.15 18:39,Köniz Schliern - Ostermundigen Rüti
Verkehrsueberlastung,848,Dienstag,53,low,2015,9,15.09.15,10,Verkehrsueberlastung,Geplante Stoerung,15.09.2015 08:00 Uhr: Auf der Linie 10 ist infolge Verkehrueberlastung auf der Strecke zwischen Ostermundigen Rueti und Koeniz Schliern mit Verspaetungen und unregelmaessigem Betrieb zu rechnen. Dauer: unbestimmt.,15.09.15 08:00,15.09.15 08:53,Köniz Schliern - Ostermundigen Rüti
Bauarbeiten,849,Montag,1511,high,2015,9,21.09.15,160,Bauarbeiten,Geplante Stoerung,21.09.2015: Auf den Linien 160 und 334 ist infolge einer Baustelle die Haltestelle Schuetzen in Richtung Bern Flughafen in die Rubigenstrasse verschoben. Dauer: bis 09.10.2015.,21.09.15 06:00,09.10.15 23:59,Konolfingen - Belp
Ersatzfahrten_und_Kursausfaelle,850,Samstag,906,high,2015,9,19.09.15,3,Ersatzfahrten und Kursausfaelle,Geplante Stoerung,19.09. bis 27.09.2015. Die Linien 3 und 9 werden zusammengelegt und fahren als Linie 3/9 durchgaengig zwischen Weissenbuehl und Wankdorf Bahnhof. Zwischen Bern Bahnhof und Wabern faehrt die Linie 9B mit Tramersatzbussen auf einer Umleitungsstrecke.,19.09.15 00:01,06.10.15 08:18,Bern Bahnhof - Weissenbühl
Ersatzfahrten_und_Kursausfaelle,851,Samstag,906,high,2015,9,19.09.15,9,Ersatzfahrten und Kursausfaelle,Geplante Stoerung,19.09. bis 27.09.2015. Die Linien 3 und 9 werden zusammengelegt und fahren als Linie 3/9 durchgaengig zwischen Weissenbuehl und Wankdorf Bahnhof. Zwischen Bern Bahnhof und Wabern faehrt die Linie 9B mit Tramersatzbussen auf einer Umleitungsstrecke.,19.09.15 00:01,06.10.15 08:18,Wabern - Wankdorf Bahnhof
Ersatzfahrten_und_Kursausfaelle,852,Samstag,906,high,2015,9,19.09.15,9,Ersatzfahrten und Kursausfaelle,Geplante Stoerung,19.09. bis 27.09.2015. Die Linien 3 und 9 werden zusammengelegt und fahren als Linie 3/9 durchgaengig zwischen Weissenbuehl und Wankdorf Bahnhof. Zwischen Bern Bahnhof und Wabern faehrt die Linie 9B mit Tramersatzbussen auf einer Umleitungsstrecke.,19.09.15 00:01,06.10.15 08:18,Wabern - Wankdorf Bahnhof
Verkehrsueberlastung,853,Donnerstag,93,low,2015,9,17.09.15,11,Verkehrsueberlastung,Stoerung,Auf der Linie 11 ist infolge Verkehrueberlastung mit unregelmaessigem Betrieb zu rechnen.,17.09.15 17:42,17.09.15 19:15,Holligen - Neufeld P+R
Verkehrsueberlastung,854,Donnerstag,93,low,2015,9,17.09.15,11,Verkehrsueberlastung,Stoerung,Auf der Linie 11 ist infolge Verkehrueberlastung mit unregelmaessigem Betrieb zu rechnen.,17.09.15 17:42,17.09.15 19:15,Holligen - Neufeld P+R
Fahrzeugpanne,855,Samstag,5,verylow,2015,9,19.09.15,160,Fahrzeugpanne,Stoerung,Auf der Linie 160 ist infolge einer Fahrzeugpanne der Kurs um 09:04 Uhr ab Bern Flughafen Richtung Konolfingen Dorf ca. 12 Minuten verspaetet.,19.09.15 09:30,19.09.15 09:34,Konolfingen - Belp
Verkehrsunfall,856,Samstag,152,medium,2015,9,19.09.15,8,Verkehrsunfall,Geplante Stoerung,19.09.2015 21:02 Uhr: Auf der Linie 8 ist infolge eines Unfalls die Strecke zwischen Buempliz Unterfuehrung und Bruennen Westside Bahnhof via Buempliz umgeleitet. Dauer: unbestimmt. Tramersatz zwischen Unterfuehrung und Bruennen Westside,19.09.15 21:06,19.09.15 23:38,Brünnen Westside Bahnhof - Saali
Kundgebung_oder_Veranstaltung,857,Sonntag,1400,high,2015,10,04.10.15,9,Kundgebung oder Veranstaltung,Stoerung,Die Linie 9 faehrt ab 11:20 Uhr infolge einer Veranstaltung bis/ab Guisanplatz. Die Strecke Guisanplatz-Wankdorf wird bis 17:00 Uhr nicht bedient.,04.10.15 09:20,06.10.15 08:16,Wabern - Wankdorf Bahnhof
Kundgebung_oder_Veranstaltung,858,Sonntag,340,medium,2015,10,04.10.15,9,Kundgebung oder Veranstaltung,Stoerung,Die Linie 9 faehrt infolge einer Veranstaltung bis/ab Guisanplatz. Die Strecke Guisanplatz-Wankdorf wird bis 17:00 Uhr nicht bedient.,04.10.15 11:20,04.10.15 17:00,Wabern - Wankdorf Bahnhof
Kundgebung_oder_Veranstaltung,859,Sonntag,390,medium,2015,10,04.10.15,20,Kundgebung oder Veranstaltung,Stoerung,Die Linie 20 faehrt ab 11:20 Uhr bis 17:00 Uhr infolge einer Veranstaltung bis/ab Wyler. Wankdorf/Bahnhof wird bis 17:05 Uhr nicht bedient.,04.10.15 10:30,04.10.15 17:00,Bern Bahnhof - Wankdorf Bahnhof
Kundgebung_oder_Veranstaltung,860,Sonntag,390,medium,2015,10,04.10.15,20,Kundgebung oder Veranstaltung,Stoerung,Die Linie 20 faehrt ab 11:20 Uhr bis 17:00 Uhr infolge einer Veranstaltung bis/ab Wyler. Wankdorf/Bahnhof wird bis 17:05 Uhr nicht bedient.,04.10.15 10:30,04.10.15 17:00,Bern Bahnhof - Wankdorf Bahnhof
Verkehrsunfall,861,Montag,15,verylow,2015,9,28.09.15,6,Verkehrsunfall,Geplante Stoerung,28.09.2015 21:37 Uhr: Auf der Linie 6 ist infolge eines Verkehrsunfalls mit Verspaetungen und unregelmaessigem Betrieb zu rechnen. Dauer: unbestimmt.,28.09.15 21:39,28.09.15 21:54,Fischermätteli - Worb Dorf
Verkehrsunfall,862,Montag,111,low,2015,9,28.09.15,6,Verkehrsunfall,Geplante Stoerung,28.09.2015 21:50 Uhr: Auf der Linie 6 ist infolge eines Verkehrsunfalls mit Verspaetungen und unregelmaessigem Betrieb zu rechnen. Die Strecke zwischen Egghoelzli und Muri ist fuer den Trambetrieb unterbrochen. Es faehrt ein Tram Ersatzbus zwischen Egghoelzli und Muri.  Dauer: unbestimmt.,28.09.15 21:53,28.09.15 23:44,Fischermätteli - Worb Dorf
Verkehrsunfall,863,Montag,57,low,2015,9,28.09.15,6,Verkehrsunfall,Geplante Stoerung,28.09.2015 23:44 Uhr: Auf der Linie 6 ist infolge eines Verkehrsunfalls mit Verspaetungen und unregelmaessigem Betrieb zu rechnen. Dauer: unbestimmt.,28.09.15 23:44,29.09.15 00:41,Fischermätteli - Worb Dorf
Verkehrsunfall,864,Mittwoch,56,low,2015,9,30.09.15,6,Verkehrsunfall,Geplante Stoerung,30.09.2015 10:27 Uhr: Auf den Linien 6 7 und 8 ist infolge eines Verkehrsunfalls mit Verspaetungen und unregelmaessigem Betrieb zu rechnen. Dauer: ca. 1h.,30.09.15 10:28,30.09.15 11:24,Fischermätteli - Worb Dorf
Verkehrsunfall,865,Mittwoch,56,low,2015,9,30.09.15,7,Verkehrsunfall,Geplante Stoerung,30.09.2015 10:27 Uhr: Auf den Linien 6 7 und 8 ist infolge eines Verkehrsunfalls mit Verspaetungen und unregelmaessigem Betrieb zu rechnen. Dauer: ca. 1h.,30.09.15 10:28,30.09.15 11:24,Bümpliz - Ostring
Verkehrsunfall,866,Mittwoch,56,low,2015,9,30.09.15,8,Verkehrsunfall,Geplante Stoerung,30.09.2015 10:27 Uhr: Auf den Linien 6 7 und 8 ist infolge eines Verkehrsunfalls mit Verspaetungen und unregelmaessigem Betrieb zu rechnen. Dauer: ca. 1h.,30.09.15 10:28,30.09.15 11:24,Brünnen Westside Bahnhof - Saali
Kundgebung_oder_Veranstaltung,867,Freitag,155,medium,2015,10,16.10.15,10,Kundgebung oder Veranstaltung,Stoerung,Die Linien 10 und 19 werden infolge der Lichtshow auf dem Bundesplatz durch die Spital-/Marktgasse umgeleitet. Dauer bis 21:15 Uhr.,16.10.15 18:40,16.10.15 21:15,Köniz Schliern - Ostermundigen Rüti
Kundgebung_oder_Veranstaltung,868,Freitag,155,medium,2015,10,16.10.15,19,Kundgebung oder Veranstaltung,Stoerung,Die Linien 10 und 19 werden infolge der Lichtshow auf dem Bundesplatz durch die Spital-/Marktgasse umgeleitet. Dauer bis 21:15 Uhr.,16.10.15 18:40,16.10.15 21:15,Blinzern - Elfenau
Kundgebung_oder_Veranstaltung,869,Samstag,155,medium,2015,10,17.10.15,10,Kundgebung oder Veranstaltung,Stoerung,Die Linien 10 und 19 werden infolge der Lichtshow auf dem Bundesplatz stadteinwaerts durch die Spital-/Marktgasse umgeleitet. Dauer: bis 17.10.2015 ca. 21:15 Uhr.,17.10.15 18:40,17.10.15 21:15,Köniz Schliern - Ostermundigen Rüti
Kundgebung_oder_Veranstaltung,870,Samstag,155,medium,2015,10,17.10.15,19,Kundgebung oder Veranstaltung,Stoerung,Die Linien 10 und 19 werden infolge der Lichtshow auf dem Bundesplatz stadteinwaerts durch die Spital-/Marktgasse umgeleitet. Dauer: bis 17.10.2015 ca. 21:15 Uhr.,17.10.15 18:40,17.10.15 21:15,Blinzern - Elfenau
Kundgebung_oder_Veranstaltung,871,Montag,155,medium,2015,10,19.10.15,10,Kundgebung oder Veranstaltung,Stoerung,Die Linien 10 und 19 werden infolge der Lichtshow auf dem Bundesplatz stadteinwaerts durch die Spital-/Marktgasse umgeleitet. Dauer bis 21:15 Uhr.,19.10.15 18:40,19.10.15 21:15,Köniz Schliern - Ostermundigen Rüti
Kundgebung_oder_Veranstaltung,872,Montag,155,medium,2015,10,19.10.15,19,Kundgebung oder Veranstaltung,Stoerung,Die Linien 10 und 19 werden infolge der Lichtshow auf dem Bundesplatz stadteinwaerts durch die Spital-/Marktgasse umgeleitet. Dauer bis 21:15 Uhr.,19.10.15 18:40,19.10.15 21:15,Blinzern - Elfenau
Kundgebung_oder_Veranstaltung,873,Dienstag,155,medium,2015,10,20.10.15,10,Kundgebung oder Veranstaltung,Stoerung,Die Linien 10 und 19 werden infolge der Lichtshow auf dem Bundesplatz stadteinwaerts durch die Spital-/Marktgasse umgeleitet. Dauer bis 21:15 Uhr.,20.10.15 18:40,20.10.15 21:15,Köniz Schliern - Ostermundigen Rüti
Kundgebung_oder_Veranstaltung,874,Dienstag,155,medium,2015,10,20.10.15,19,Kundgebung oder Veranstaltung,Stoerung,Die Linien 10 und 19 werden infolge der Lichtshow auf dem Bundesplatz stadteinwaerts durch die Spital-/Marktgasse umgeleitet. Dauer bis 21:15 Uhr.,20.10.15 18:40,20.10.15 21:15,Blinzern - Elfenau
Kundgebung_oder_Veranstaltung,875,Mittwoch,155,medium,2015,10,21.10.15,10,Kundgebung oder Veranstaltung,Stoerung,Die Linien 10 und 19 werden infolge der Lichtshow auf dem Bundesplatz stadteinwaerts durch die Spital-/Marktgasse umgeleitet. Dauer bis 21:15 Uhr.,21.10.15 18:40,21.10.15 21:15,Köniz Schliern - Ostermundigen Rüti
Kundgebung_oder_Veranstaltung,876,Mittwoch,155,medium,2015,10,21.10.15,19,Kundgebung oder Veranstaltung,Stoerung,Die Linien 10 und 19 werden infolge der Lichtshow auf dem Bundesplatz stadteinwaerts durch die Spital-/Marktgasse umgeleitet. Dauer bis 21:15 Uhr.,21.10.15 18:40,21.10.15 21:15,Blinzern - Elfenau
Kundgebung_oder_Veranstaltung,877,Donnerstag,155,medium,2015,10,22.10.15,10,Kundgebung oder Veranstaltung,Stoerung,Die Linien 10 und 19 werden infolge der Lichtshow auf dem Bundesplatz stadteinwaerts durch die Spital-/Marktgasse umgeleitet. Dauer bis 21:15 Uhr.,22.10.15 18:40,22.10.15 21:15,Köniz Schliern - Ostermundigen Rüti
Kundgebung_oder_Veranstaltung,878,Donnerstag,155,medium,2015,10,22.10.15,19,Kundgebung oder Veranstaltung,Stoerung,Die Linien 10 und 19 werden infolge der Lichtshow auf dem Bundesplatz stadteinwaerts durch die Spital-/Marktgasse umgeleitet. Dauer bis 21:15 Uhr.,22.10.15 18:40,22.10.15 21:15,Blinzern - Elfenau
Kundgebung_oder_Veranstaltung,879,Freitag,155,medium,2015,10,23.10.15,10,Kundgebung oder Veranstaltung,Stoerung,Die Linien 10 und 19 werden infolge der Lichtshow auf dem Bundesplatz stadteinwaerts durch die Spital-/Marktgasse umgeleitet. Dauer bis 21:15 Uhr.,23.10.15 18:40,23.10.15 21:15,Köniz Schliern - Ostermundigen Rüti
Kundgebung_oder_Veranstaltung,880,Freitag,155,medium,2015,10,23.10.15,19,Kundgebung oder Veranstaltung,Stoerung,Die Linien 10 und 19 werden infolge der Lichtshow auf dem Bundesplatz stadteinwaerts durch die Spital-/Marktgasse umgeleitet. Dauer bis 21:15 Uhr.,23.10.15 18:40,23.10.15 21:15,Blinzern - Elfenau
Kundgebung_oder_Veranstaltung,881,Samstag,155,medium,2015,10,24.10.15,10,Kundgebung oder Veranstaltung,Stoerung,Die Linien 10 und 19 werden infolge der Lichtshow auf dem Bundesplatz stadteinwaerts durch die Spital-/Marktgasse umgeleitet. Dauer bis 21:15 Uhr.,24.10.15 18:40,24.10.15 21:15,Köniz Schliern - Ostermundigen Rüti
Kundgebung_oder_Veranstaltung,882,Samstag,155,medium,2015,10,24.10.15,19,Kundgebung oder Veranstaltung,Stoerung,Die Linien 10 und 19 werden infolge der Lichtshow auf dem Bundesplatz stadteinwaerts durch die Spital-/Marktgasse umgeleitet. Dauer bis 21:15 Uhr.,24.10.15 18:40,24.10.15 21:15,Blinzern - Elfenau
Kundgebung_oder_Veranstaltung,883,Sonntag,155,medium,2015,10,25.10.15,10,Kundgebung oder Veranstaltung,Stoerung,Die Linien 10 und 19 werden infolge der Lichtshow auf dem Bundesplatz stadteinwaerts durch die Spital-/Marktgasse umgeleitet. Dauer bis 21:15 Uhr.,25.10.15 18:40,25.10.15 21:15,Köniz Schliern - Ostermundigen Rüti
Kundgebung_oder_Veranstaltung,884,Sonntag,155,medium,2015,10,25.10.15,19,Kundgebung oder Veranstaltung,Stoerung,Die Linien 10 und 19 werden infolge der Lichtshow auf dem Bundesplatz stadteinwaerts durch die Spital-/Marktgasse umgeleitet. Dauer bis 21:15 Uhr.,25.10.15 18:40,25.10.15 21:15,Blinzern - Elfenau
Kundgebung_oder_Veranstaltung,885,Montag,155,medium,2015,10,26.10.15,10,Kundgebung oder Veranstaltung,Stoerung,Die Linien 10 und 19 werden infolge der Lichtshow auf dem Bundesplatz stadteinwaerts durch die Spital-/Marktgasse umgeleitet. Dauer bis 21:15 Uhr.,26.10.15 18:40,26.10.15 21:15,Köniz Schliern - Ostermundigen Rüti
Kundgebung_oder_Veranstaltung,886,Montag,155,medium,2015,10,26.10.15,19,Kundgebung oder Veranstaltung,Stoerung,Die Linien 10 und 19 werden infolge der Lichtshow auf dem Bundesplatz stadteinwaerts durch die Spital-/Marktgasse umgeleitet. Dauer bis 21:15 Uhr.,26.10.15 18:40,26.10.15 21:15,Blinzern - Elfenau
Kundgebung_oder_Veranstaltung,887,Dienstag,155,medium,2015,10,27.10.15,10,Kundgebung oder Veranstaltung,Stoerung,Die Linien 10 und 19 werden infolge der Lichtshow auf dem Bundesplatz stadteinwaerts durch die Spital-/Marktgasse umgeleitet. Dauer bis 21:15 Uhr.,27.10.15 18:40,27.10.15 21:15,Köniz Schliern - Ostermundigen Rüti
Kundgebung_oder_Veranstaltung,888,Dienstag,155,medium,2015,10,27.10.15,19,Kundgebung oder Veranstaltung,Stoerung,Die Linien 10 und 19 werden infolge der Lichtshow auf dem Bundesplatz stadteinwaerts durch die Spital-/Marktgasse umgeleitet. Dauer bis 21:15 Uhr.,27.10.15 18:40,27.10.15 21:15,Blinzern - Elfenau
Kundgebung_oder_Veranstaltung,889,Mittwoch,155,medium,2015,10,28.10.15,10,Kundgebung oder Veranstaltung,Stoerung,Die Linien 10 und 19 werden infolge der Lichtshow auf dem Bundesplatz stadteinwaerts durch die Spital-/Marktgasse umgeleitet. Dauer bis 21:15 Uhr.,28.10.15 18:40,28.10.15 21:15,Köniz Schliern - Ostermundigen Rüti
Kundgebung_oder_Veranstaltung,890,Mittwoch,155,medium,2015,10,28.10.15,19,Kundgebung oder Veranstaltung,Stoerung,Die Linien 10 und 19 werden infolge der Lichtshow auf dem Bundesplatz stadteinwaerts durch die Spital-/Marktgasse umgeleitet. Dauer bis 21:15 Uhr.,28.10.15 18:40,28.10.15 21:15,Blinzern - Elfenau
Kundgebung_oder_Veranstaltung,891,Donnerstag,155,medium,2015,10,29.10.15,10,Kundgebung oder Veranstaltung,Stoerung,Die Linien 10 und 19 werden infolge der Lichtshow auf dem Bundesplatz stadteinwaerts durch die Spital-/Marktgasse umgeleitet. Dauer bis 21:15 Uhr.,29.10.15 18:40,29.10.15 21:15,Köniz Schliern - Ostermundigen Rüti
Kundgebung_oder_Veranstaltung,892,Donnerstag,155,medium,2015,10,29.10.15,19,Kundgebung oder Veranstaltung,Stoerung,Die Linien 10 und 19 werden infolge der Lichtshow auf dem Bundesplatz stadteinwaerts durch die Spital-/Marktgasse umgeleitet. Dauer bis 21:15 Uhr.,29.10.15 18:40,29.10.15 21:15,Blinzern - Elfenau
Kundgebung_oder_Veranstaltung,893,Freitag,155,medium,2015,10,30.10.15,10,Kundgebung oder Veranstaltung,Stoerung,Die Linien 10 und 19 werden infolge der Lichtshow auf dem Bundesplatz stadteinwaerts durch die Spital-/Marktgasse umgeleitet. Dauer bis 21:15 Uhr.,30.10.15 18:40,30.10.15 21:15,Köniz Schliern - Ostermundigen Rüti
Kundgebung_oder_Veranstaltung,894,Freitag,155,medium,2015,10,30.10.15,19,Kundgebung oder Veranstaltung,Stoerung,Die Linien 10 und 19 werden infolge der Lichtshow auf dem Bundesplatz stadteinwaerts durch die Spital-/Marktgasse umgeleitet. Dauer bis 21:15 Uhr.,30.10.15 18:40,30.10.15 21:15,Blinzern - Elfenau
Kundgebung_oder_Veranstaltung,895,Samstag,155,medium,2015,10,31.10.15,10,Kundgebung oder Veranstaltung,Stoerung,Die Linien 10 und 19 werden infolge der Lichtshow auf dem Bundesplatz stadteinwaerts durch die Spital-/Marktgasse umgeleitet. Dauer bis 21:15 Uhr.,31.10.15 18:40,31.10.15 21:15,Köniz Schliern - Ostermundigen Rüti
Kundgebung_oder_Veranstaltung,896,Samstag,155,medium,2015,10,31.10.15,19,Kundgebung oder Veranstaltung,Stoerung,Die Linien 10 und 19 werden infolge der Lichtshow auf dem Bundesplatz stadteinwaerts durch die Spital-/Marktgasse umgeleitet. Dauer bis 21:15 Uhr.,31.10.15 18:40,31.10.15 21:15,Blinzern - Elfenau
Kundgebung_oder_Veranstaltung,897,Sonntag,155,medium,2015,11,01.11.15,10,Kundgebung oder Veranstaltung,Stoerung,Die Linien 10 und 19 werden infolge der Lichtshow auf dem Bundesplatz stadteinwaerts durch die Spital-/Marktgasse umgeleitet. Dauer bis 21:15 Uhr.,01.11.15 18:40,01.11.15 21:15,Köniz Schliern - Ostermundigen Rüti
Kundgebung_oder_Veranstaltung,898,Sonntag,155,medium,2015,11,01.11.15,19,Kundgebung oder Veranstaltung,Stoerung,Die Linien 10 und 19 werden infolge der Lichtshow auf dem Bundesplatz stadteinwaerts durch die Spital-/Marktgasse umgeleitet. Dauer bis 21:15 Uhr.,01.11.15 18:40,01.11.15 21:15,Blinzern - Elfenau
Kundgebung_oder_Veranstaltung,899,Montag,155,medium,2015,11,02.11.15,10,Kundgebung oder Veranstaltung,Stoerung,Die Linien 10 und 19 werden infolge der Lichtshow auf dem Bundesplatz stadteinwaerts durch die Spital-/Marktgasse umgeleitet. Dauer bis 21:15 Uhr.,02.11.15 18:40,02.11.15 21:15,Köniz Schliern - Ostermundigen Rüti
Kundgebung_oder_Veranstaltung,900,Montag,155,medium,2015,11,02.11.15,19,Kundgebung oder Veranstaltung,Stoerung,Die Linien 10 und 19 werden infolge der Lichtshow auf dem Bundesplatz stadteinwaerts durch die Spital-/Marktgasse umgeleitet. Dauer bis 21:15 Uhr.,02.11.15 18:40,02.11.15 21:15,Blinzern - Elfenau
Kundgebung_oder_Veranstaltung,901,Dienstag,155,medium,2015,11,03.11.15,10,Kundgebung oder Veranstaltung,Stoerung,Die Linien 10 und 19 werden infolge der Lichtshow auf dem Bundesplatz stadteinwaerts durch die Spital-/Marktgasse umgeleitet. Dauer bis 21:15 Uhr.,03.11.15 18:40,03.11.15 21:15,Köniz Schliern - Ostermundigen Rüti
Kundgebung_oder_Veranstaltung,902,Dienstag,155,medium,2015,11,03.11.15,19,Kundgebung oder Veranstaltung,Stoerung,Die Linien 10 und 19 werden infolge der Lichtshow auf dem Bundesplatz stadteinwaerts durch die Spital-/Marktgasse umgeleitet. Dauer bis 21:15 Uhr.,03.11.15 18:40,03.11.15 21:15,Blinzern - Elfenau
Kundgebung_oder_Veranstaltung,903,Mittwoch,155,medium,2015,11,04.11.15,10,Kundgebung oder Veranstaltung,Stoerung,Die Linien 10 und 19 werden infolge der Lichtshow auf dem Bundesplatz stadteinwaerts durch die Spital-/Marktgasse umgeleitet. Dauer bis 21:15 Uhr.,04.11.15 18:40,04.11.15 21:15,Köniz Schliern - Ostermundigen Rüti
Kundgebung_oder_Veranstaltung,904,Mittwoch,155,medium,2015,11,04.11.15,19,Kundgebung oder Veranstaltung,Stoerung,Die Linien 10 und 19 werden infolge der Lichtshow auf dem Bundesplatz stadteinwaerts durch die Spital-/Marktgasse umgeleitet. Dauer bis 21:15 Uhr.,04.11.15 18:40,04.11.15 21:15,Blinzern - Elfenau
Kundgebung_oder_Veranstaltung,905,Donnerstag,155,medium,2015,11,05.11.15,10,Kundgebung oder Veranstaltung,Stoerung,Die Linien 10 und 19 werden infolge der Lichtshow auf dem Bundesplatz stadteinwaerts durch die Spital-/Marktgasse umgeleitet. Dauer bis 21:15 Uhr.,05.11.15 18:40,05.11.15 21:15,Köniz Schliern - Ostermundigen Rüti
Kundgebung_oder_Veranstaltung,906,Donnerstag,155,medium,2015,11,05.11.15,19,Kundgebung oder Veranstaltung,Stoerung,Die Linien 10 und 19 werden infolge der Lichtshow auf dem Bundesplatz stadteinwaerts durch die Spital-/Marktgasse umgeleitet. Dauer bis 21:15 Uhr.,05.11.15 18:40,05.11.15 21:15,Blinzern - Elfenau
Kundgebung_oder_Veranstaltung,907,Freitag,155,medium,2015,11,06.11.15,10,Kundgebung oder Veranstaltung,Stoerung,Die Linien 10 und 19 werden infolge der Lichtshow auf dem Bundesplatz stadteinwaerts durch die Spital-/Marktgasse umgeleitet. Dauer bis 21:15 Uhr.,06.11.15 18:40,06.11.15 21:15,Köniz Schliern - Ostermundigen Rüti
Kundgebung_oder_Veranstaltung,908,Freitag,155,medium,2015,11,06.11.15,19,Kundgebung oder Veranstaltung,Stoerung,Die Linien 10 und 19 werden infolge der Lichtshow auf dem Bundesplatz stadteinwaerts durch die Spital-/Marktgasse umgeleitet. Dauer bis 21:15 Uhr.,06.11.15 18:40,06.11.15 21:15,Blinzern - Elfenau
Kundgebung_oder_Veranstaltung,909,Samstag,155,medium,2015,11,07.11.15,10,Kundgebung oder Veranstaltung,Stoerung,Die Linien 10 und 19 werden infolge der Lichtshow auf dem Bundesplatz stadteinwaerts durch die Spital-/Marktgasse umgeleitet. Dauer bis 21:15 Uhr.,07.11.15 18:40,07.11.15 21:15,Köniz Schliern - Ostermundigen Rüti
Kundgebung_oder_Veranstaltung,910,Samstag,155,medium,2015,11,07.11.15,19,Kundgebung oder Veranstaltung,Stoerung,Die Linien 10 und 19 werden infolge der Lichtshow auf dem Bundesplatz stadteinwaerts durch die Spital-/Marktgasse umgeleitet. Dauer bis 21:15 Uhr.,07.11.15 18:40,07.11.15 21:15,Blinzern - Elfenau
Kundgebung_oder_Veranstaltung,911,Sonntag,155,medium,2015,11,08.11.15,10,Kundgebung oder Veranstaltung,Stoerung,Die Linien 10 und 19 werden infolge der Lichtshow auf dem Bundesplatz stadteinwaerts durch die Spital-/Marktgasse umgeleitet. Dauer bis 21:15 Uhr.,08.11.15 18:40,08.11.15 21:15,Köniz Schliern - Ostermundigen Rüti
Kundgebung_oder_Veranstaltung,912,Sonntag,155,medium,2015,11,08.11.15,19,Kundgebung oder Veranstaltung,Stoerung,Die Linien 10 und 19 werden infolge der Lichtshow auf dem Bundesplatz stadteinwaerts durch die Spital-/Marktgasse umgeleitet. Dauer bis 21:15 Uhr.,08.11.15 18:40,08.11.15 21:15,Blinzern - Elfenau
Kundgebung_oder_Veranstaltung,913,Montag,155,medium,2015,11,09.11.15,10,Kundgebung oder Veranstaltung,Stoerung,Die Linien 10 und 19 werden infolge der Lichtshow auf dem Bundesplatz stadteinwaerts durch die Spital-/Marktgasse umgeleitet. Dauer bis 21:15 Uhr.,09.11.15 18:40,09.11.15 21:15,Köniz Schliern - Ostermundigen Rüti
Kundgebung_oder_Veranstaltung,914,Montag,155,medium,2015,11,09.11.15,19,Kundgebung oder Veranstaltung,Stoerung,Die Linien 10 und 19 werden infolge der Lichtshow auf dem Bundesplatz stadteinwaerts durch die Spital-/Marktgasse umgeleitet. Dauer bis 21:15 Uhr.,09.11.15 18:40,09.11.15 21:15,Blinzern - Elfenau
Kundgebung_oder_Veranstaltung,915,Dienstag,155,medium,2015,11,10.11.15,10,Kundgebung oder Veranstaltung,Stoerung,Die Linien 10 und 19 werden infolge der Lichtshow auf dem Bundesplatz stadteinwaerts durch die Spital-/Marktgasse umgeleitet. Dauer bis 21:15 Uhr.,10.11.15 18:40,10.11.15 21:15,Köniz Schliern - Ostermundigen Rüti
Kundgebung_oder_Veranstaltung,916,Dienstag,155,medium,2015,11,10.11.15,19,Kundgebung oder Veranstaltung,Stoerung,Die Linien 10 und 19 werden infolge der Lichtshow auf dem Bundesplatz stadteinwaerts durch die Spital-/Marktgasse umgeleitet. Dauer bis 21:15 Uhr.,10.11.15 18:40,10.11.15 21:15,Blinzern - Elfenau
Kundgebung_oder_Veranstaltung,917,Mittwoch,155,medium,2015,11,11.11.15,10,Kundgebung oder Veranstaltung,Stoerung,Die Linien 10 und 19 werden infolge der Lichtshow auf dem Bundesplatz stadteinwaerts durch die Spital-/Marktgasse umgeleitet. Dauer bis 21:15 Uhr.,11.11.15 18:40,11.11.15 21:15,Köniz Schliern - Ostermundigen Rüti
Kundgebung_oder_Veranstaltung,918,Mittwoch,155,medium,2015,11,11.11.15,19,Kundgebung oder Veranstaltung,Stoerung,Die Linien 10 und 19 werden infolge der Lichtshow auf dem Bundesplatz stadteinwaerts durch die Spital-/Marktgasse umgeleitet. Dauer bis 21:15 Uhr.,11.11.15 18:40,11.11.15 21:15,Blinzern - Elfenau
Kundgebung_oder_Veranstaltung,919,Donnerstag,155,medium,2015,11,12.11.15,10,Kundgebung oder Veranstaltung,Stoerung,Die Linien 10 und 19 werden infolge der Lichtshow auf dem Bundesplatz stadteinwaerts durch die Spital-/Marktgasse umgeleitet. Dauer bis 21:15 Uhr.,12.11.15 18:40,12.11.15 21:15,Köniz Schliern - Ostermundigen Rüti
Kundgebung_oder_Veranstaltung,920,Donnerstag,155,medium,2015,11,12.11.15,19,Kundgebung oder Veranstaltung,Stoerung,Die Linien 10 und 19 werden infolge der Lichtshow auf dem Bundesplatz stadteinwaerts durch die Spital-/Marktgasse umgeleitet. Dauer bis 21:15 Uhr.,12.11.15 18:40,12.11.15 21:15,Blinzern - Elfenau
Kundgebung_oder_Veranstaltung,921,Freitag,155,medium,2015,11,13.11.15,10,Kundgebung oder Veranstaltung,Stoerung,Die Linien 10 und 19 werden infolge der Lichtshow auf dem Bundesplatz stadteinwaerts durch die Spital-/Marktgasse umgeleitet. Dauer bis 21:15 Uhr.,13.11.15 18:40,13.11.15 21:15,Köniz Schliern - Ostermundigen Rüti
Kundgebung_oder_Veranstaltung,922,Freitag,155,medium,2015,11,13.11.15,19,Kundgebung oder Veranstaltung,Stoerung,Die Linien 10 und 19 werden infolge der Lichtshow auf dem Bundesplatz stadteinwaerts durch die Spital-/Marktgasse umgeleitet. Dauer bis 21:15 Uhr.,13.11.15 18:40,13.11.15 21:15,Blinzern - Elfenau
Kundgebung_oder_Veranstaltung,923,Samstag,155,medium,2015,11,14.11.15,10,Kundgebung oder Veranstaltung,Stoerung,Die Linien 10 und 19 werden infolge der Lichtshow auf dem Bundesplatz stadteinwaerts durch die Spital-/Marktgasse umgeleitet. Dauer bis 21:15 Uhr.,14.11.15 18:40,14.11.15 21:15,Köniz Schliern - Ostermundigen Rüti
Kundgebung_oder_Veranstaltung,924,Samstag,155,medium,2015,11,14.11.15,19,Kundgebung oder Veranstaltung,Stoerung,Die Linien 10 und 19 werden infolge der Lichtshow auf dem Bundesplatz stadteinwaerts durch die Spital-/Marktgasse umgeleitet. Dauer bis 21:15 Uhr.,14.11.15 18:40,14.11.15 21:15,Blinzern - Elfenau
Kundgebung_oder_Veranstaltung,925,Sonntag,155,medium,2015,11,15.11.15,10,Kundgebung oder Veranstaltung,Stoerung,Die Linien 10 und 19 werden infolge der Lichtshow auf dem Bundesplatz stadteinwaerts durch die Spital-/Marktgasse umgeleitet. Dauer bis 21:15 Uhr.,15.11.15 18:40,15.11.15 21:15,Köniz Schliern - Ostermundigen Rüti
Kundgebung_oder_Veranstaltung,926,Sonntag,155,medium,2015,11,15.11.15,19,Kundgebung oder Veranstaltung,Stoerung,Die Linien 10 und 19 werden infolge der Lichtshow auf dem Bundesplatz stadteinwaerts durch die Spital-/Marktgasse umgeleitet. Dauer bis 21:15 Uhr.,15.11.15 18:40,15.11.15 21:15,Blinzern - Elfenau
Kundgebung_oder_Veranstaltung,927,Montag,155,medium,2015,11,16.11.15,10,Kundgebung oder Veranstaltung,Stoerung,Die Linien 10 und 19 werden infolge der Lichtshow auf dem Bundesplatz stadteinwaerts durch die Spital-/Marktgasse umgeleitet. Dauer bis 21:15 Uhr.,16.11.15 18:40,16.11.15 21:15,Köniz Schliern - Ostermundigen Rüti
Kundgebung_oder_Veranstaltung,928,Montag,155,medium,2015,11,16.11.15,19,Kundgebung oder Veranstaltung,Stoerung,Die Linien 10 und 19 werden infolge der Lichtshow auf dem Bundesplatz stadteinwaerts durch die Spital-/Marktgasse umgeleitet. Dauer bis 21:15 Uhr.,16.11.15 18:40,16.11.15 21:15,Blinzern - Elfenau
Kundgebung_oder_Veranstaltung,929,Dienstag,155,medium,2015,11,17.11.15,10,Kundgebung oder Veranstaltung,Stoerung,Die Linien 10 und 19 werden infolge der Lichtshow auf dem Bundesplatz stadteinwaerts durch die Spital-/Marktgasse umgeleitet. Dauer bis 21:15 Uhr.,17.11.15 18:40,17.11.15 21:15,Köniz Schliern - Ostermundigen Rüti
Kundgebung_oder_Veranstaltung,930,Dienstag,155,medium,2015,11,17.11.15,19,Kundgebung oder Veranstaltung,Stoerung,Die Linien 10 und 19 werden infolge der Lichtshow auf dem Bundesplatz stadteinwaerts durch die Spital-/Marktgasse umgeleitet. Dauer bis 21:15 Uhr.,17.11.15 18:40,17.11.15 21:15,Blinzern - Elfenau
Kundgebung_oder_Veranstaltung,931,Mittwoch,155,medium,2015,11,18.11.15,10,Kundgebung oder Veranstaltung,Stoerung,Die Linien 10 und 19 werden infolge der Lichtshow auf dem Bundesplatz stadteinwaerts durch die Spital-/Marktgasse umgeleitet. Dauer bis 21:15 Uhr.,18.11.15 18:40,18.11.15 21:15,Köniz Schliern - Ostermundigen Rüti
Kundgebung_oder_Veranstaltung,932,Mittwoch,155,medium,2015,11,18.11.15,19,Kundgebung oder Veranstaltung,Stoerung,Die Linien 10 und 19 werden infolge der Lichtshow auf dem Bundesplatz stadteinwaerts durch die Spital-/Marktgasse umgeleitet. Dauer bis 21:15 Uhr.,18.11.15 18:40,18.11.15 21:15,Blinzern - Elfenau
Kundgebung_oder_Veranstaltung,933,Donnerstag,155,medium,2015,11,19.11.15,10,Kundgebung oder Veranstaltung,Stoerung,Die Linien 10 und 19 werden infolge der Lichtshow auf dem Bundesplatz stadteinwaerts durch die Spital-/Marktgasse umgeleitet. Dauer bis 21:15 Uhr.,19.11.15 18:40,19.11.15 21:15,Köniz Schliern - Ostermundigen Rüti
Kundgebung_oder_Veranstaltung,934,Donnerstag,155,medium,2015,11,19.11.15,19,Kundgebung oder Veranstaltung,Stoerung,Die Linien 10 und 19 werden infolge der Lichtshow auf dem Bundesplatz stadteinwaerts durch die Spital-/Marktgasse umgeleitet. Dauer bis 21:15 Uhr.,19.11.15 18:40,19.11.15 21:15,Blinzern - Elfenau
Kundgebung_oder_Veranstaltung,935,Freitag,155,medium,2015,11,20.11.15,10,Kundgebung oder Veranstaltung,Stoerung,Die Linien 10 und 19 werden infolge der Lichtshow auf dem Bundesplatz stadteinwaerts durch die Spital-/Marktgasse umgeleitet. Dauer bis 21:15 Uhr.,20.11.15 18:40,20.11.15 21:15,Köniz Schliern - Ostermundigen Rüti
Kundgebung_oder_Veranstaltung,936,Freitag,155,medium,2015,11,20.11.15,19,Kundgebung oder Veranstaltung,Stoerung,Die Linien 10 und 19 werden infolge der Lichtshow auf dem Bundesplatz stadteinwaerts durch die Spital-/Marktgasse umgeleitet. Dauer bis 21:15 Uhr.,20.11.15 18:40,20.11.15 21:15,Blinzern - Elfenau
Kundgebung_oder_Veranstaltung,937,Samstag,155,medium,2015,11,21.11.15,10,Kundgebung oder Veranstaltung,Stoerung,Die Linien 10 und 19 werden infolge der Lichtshow auf dem Bundesplatz stadteinwaerts durch die Spital-/Marktgasse umgeleitet. Dauer bis 21:15 Uhr.,21.11.15 18:40,21.11.15 21:15,Köniz Schliern - Ostermundigen Rüti
Kundgebung_oder_Veranstaltung,938,Samstag,155,medium,2015,11,21.11.15,19,Kundgebung oder Veranstaltung,Stoerung,Die Linien 10 und 19 werden infolge der Lichtshow auf dem Bundesplatz stadteinwaerts durch die Spital-/Marktgasse umgeleitet. Dauer bis 21:15 Uhr.,21.11.15 18:40,21.11.15 21:15,Blinzern - Elfenau
Kundgebung_oder_Veranstaltung,939,Freitag,155,medium,2015,11,27.11.15,10,Kundgebung oder Veranstaltung,Stoerung,Die Linien 10 und 19 werden infolge der Lichtshow auf dem Bundesplatz stadteinwaerts durch die Spital-/Marktgasse umgeleitet. Dauer bis 21:15 Uhr.,27.11.15 18:40,27.11.15 21:15,Köniz Schliern - Ostermundigen Rüti
Kundgebung_oder_Veranstaltung,940,Freitag,155,medium,2015,11,27.11.15,19,Kundgebung oder Veranstaltung,Stoerung,Die Linien 10 und 19 werden infolge der Lichtshow auf dem Bundesplatz stadteinwaerts durch die Spital-/Marktgasse umgeleitet. Dauer bis 21:15 Uhr.,27.11.15 18:40,27.11.15 21:15,Blinzern - Elfenau
Kundgebung_oder_Veranstaltung,941,Samstag,155,medium,2015,11,28.11.15,10,Kundgebung oder Veranstaltung,Stoerung,Die Linien 10 und 19 werden infolge der Lichtshow auf dem Bundesplatz stadteinwaerts durch die Spital-/Marktgasse umgeleitet. Dauer bis 21:15 Uhr.,28.11.15 18:40,28.11.15 21:15,Köniz Schliern - Ostermundigen Rüti
Kundgebung_oder_Veranstaltung,942,Samstag,155,medium,2015,11,28.11.15,19,Kundgebung oder Veranstaltung,Stoerung,Die Linien 10 und 19 werden infolge der Lichtshow auf dem Bundesplatz stadteinwaerts durch die Spital-/Marktgasse umgeleitet. Dauer bis 21:15 Uhr.,28.11.15 18:40,28.11.15 21:15,Blinzern - Elfenau
Fahrzeugpanne,943,Samstag,32,low,2015,10,03.10.15,20,Fahrzeugpanne,Geplante Stoerung,03.10.2015 15:18 Uhr: Auf der Linie 20 ist infolge einer Fahrzeugpanne mit Verspaetungen und unregelmaessigem Betrieb zu rechnen. Dauer: unbestimmt.,03.10.15 15:18,03.10.15 15:50,Bern Bahnhof - Wankdorf Bahnhof
Fahrzeugpanne,944,Samstag,32,low,2015,10,03.10.15,20,Fahrzeugpanne,Geplante Stoerung,03.10.2015 15:18 Uhr: Auf der Linie 20 ist infolge einer Fahrzeugpanne mit Verspaetungen und unregelmaessigem Betrieb zu rechnen. Dauer: unbestimmt.,03.10.15 15:18,03.10.15 15:50,Bern Bahnhof - Wankdorf Bahnhof
Fahrzeugpanne,945,Montag,41,low,2015,10,05.10.15,7,Fahrzeugpanne,Geplante Stoerung,05.10.2015 06:55 Uhr: Auf der Linie 7 ist infolge einer Fahrzeugpanne mit Verspaetungen und unregelmaessigem Betrieb zu rechnen. Dauer: unbestimmt.,05.10.15 07:00,05.10.15 07:40,Bümpliz - Ostring
Kundgebung_oder_Veranstaltung,946,Sonntag,360,medium,2015,10,11.10.15,3,Kundgebung oder Veranstaltung,Stoerung,Auf der Linie 3 ist infolge einer Veranstaltung die Strecke zwischen Bern Bahnhof und Kocherpark via Bundesgasse umgeleitet. Die Haltestelle Hirschengraben nach Weissenbuehl wird nicht bedient. Dauer: bis 11.10.2015 ca. 18:00 Uhr.,11.10.15 12:00,11.10.15 18:00,Bern Bahnhof - Weissenbühl
Fahrzeugpanne,947,Dienstag,39,low,2015,10,06.10.15,12,Fahrzeugpanne,Geplante Stoerung,06.10.2015 08:04 Uhr: Auf der Linie 12 ist infolge einer Fahrzeugpanne mit unregelmaessigem Betrieb zu rechnen. Dauer: ca. 45 Min.,06.10.15 08:05,06.10.15 08:43,Längasse - Zentrum Paul Klee
Fahrzeugpanne,948,Dienstag,39,low,2015,10,06.10.15,12,Fahrzeugpanne,Geplante Stoerung,06.10.2015 08:04 Uhr: Auf der Linie 12 ist infolge einer Fahrzeugpanne mit unregelmaessigem Betrieb zu rechnen. Dauer: ca. 45 Min.,06.10.15 08:05,06.10.15 08:43,Längasse - Zentrum Paul Klee
Fahrzeugpanne,949,Dienstag,42,low,2015,10,06.10.15,7,Fahrzeugpanne,Stoerung,Auf der Linie 7 ist infolge einer Fahrzeugpanne mit Verspaetungen und unregelmaessigem Betrieb zu rechnen.,06.10.15 16:09,06.10.15 16:51,Bümpliz - Ostring
Betriebsstoerung,950,Mittwoch,56,low,2015,10,07.10.15,3,Betriebsstoerung,Geplante Stoerung,07.10.2015 17:18 Uhr: Auf den Linien 3 6 7 und 8 ist infolge einer Betriebsstoerung mit Verspaetungen und unregelmaessigem Betrieb zu rechnen. Dauer: unbestimmt.,07.10.15 17:19,07.10.15 18:15,Bern Bahnhof - Weissenbühl
Betriebsstoerung,951,Mittwoch,56,low,2015,10,07.10.15,6,Betriebsstoerung,Geplante Stoerung,07.10.2015 17:18 Uhr: Auf den Linien 3 6 7 und 8 ist infolge einer Betriebsstoerung mit Verspaetungen und unregelmaessigem Betrieb zu rechnen. Dauer: unbestimmt.,07.10.15 17:19,07.10.15 18:15,Fischermätteli - Worb Dorf
Betriebsstoerung,952,Mittwoch,56,low,2015,10,07.10.15,7,Betriebsstoerung,Geplante Stoerung,07.10.2015 17:18 Uhr: Auf den Linien 3 6 7 und 8 ist infolge einer Betriebsstoerung mit Verspaetungen und unregelmaessigem Betrieb zu rechnen. Dauer: unbestimmt.,07.10.15 17:19,07.10.15 18:15,Bümpliz - Ostring
Betriebsstoerung,953,Mittwoch,56,low,2015,10,07.10.15,8,Betriebsstoerung,Geplante Stoerung,07.10.2015 17:18 Uhr: Auf den Linien 3 6 7 und 8 ist infolge einer Betriebsstoerung mit Verspaetungen und unregelmaessigem Betrieb zu rechnen. Dauer: unbestimmt.,07.10.15 17:19,07.10.15 18:15,Brünnen Westside Bahnhof - Saali
Betriebsstoerung,954,Mittwoch,3,verylow,2015,10,07.10.15,6,Betriebsstoerung,Geplante Stoerung,07.10.2015 17:33 Uhr: Auf der Linie 6 ist infolge einer Betriebsstoerung die Strecke zwischen Fischermaetteli - Bern Bahnhof - Fischermaetteli unterbrochen. Dauer: unbestimmt.,07.10.15 17:34,07.10.15 17:37,Fischermätteli - Worb Dorf
Betriebsstoerung,955,Mittwoch,2,verylow,2015,10,07.10.15,7,Betriebsstoerung,Geplante Stoerung,07.10.2015 17:30 Uhr: Auf der Linie 7 ist infolge einer Betriebsstoerung die Strecke zwischen Buempliz - Bern Bahnhof - Buempliz unterbrochen. Dauer: unbestimmt.,07.10.15 17:35,07.10.15 17:36,Bümpliz - Ostring
Betriebsstoerung,956,Mittwoch,77,low,2015,10,07.10.15,7,Betriebsstoerung,Geplante Stoerung,07.10.2015 17:19 Uhr: Auf den Linien 6 7 und 8 ist infolge einer Betriebsstoerung mit Verspaetungen und unregelmaessigem Betrieb zu rechnen. Dauer: unbestimmt.,07.10.15 17:19,07.10.15 18:36,Bümpliz - Ostring
Betriebsstoerung,957,Mittwoch,77,low,2015,10,07.10.15,6,Betriebsstoerung,Geplante Stoerung,07.10.2015 17:19 Uhr: Auf den Linien 6 7 und 8 ist infolge einer Betriebsstoerung mit Verspaetungen und unregelmaessigem Betrieb zu rechnen. Dauer: unbestimmt.,07.10.15 17:19,07.10.15 18:36,Fischermätteli - Worb Dorf
Betriebsstoerung,958,Mittwoch,77,low,2015,10,07.10.15,8,Betriebsstoerung,Geplante Stoerung,07.10.2015 17:19 Uhr: Auf den Linien 6 7 und 8 ist infolge einer Betriebsstoerung mit Verspaetungen und unregelmaessigem Betrieb zu rechnen. Dauer: unbestimmt.,07.10.15 17:19,07.10.15 18:36,Brünnen Westside Bahnhof - Saali
Betriebsstoerung,959,Mittwoch,104,low,2015,10,07.10.15,8,Betriebsstoerung,Geplante Stoerung,07.10.2015 17:19 Uhr: Auf den Linien 6 und 8 ist infolge einer Betriebsstoerung mit Verspaetungen und unregelmaessigem Betrieb zu rechnen. Dauer: unbestimmt.,07.10.15 17:19,07.10.15 19:02,Brünnen Westside Bahnhof - Saali
Betriebsstoerung,960,Mittwoch,104,low,2015,10,07.10.15,6,Betriebsstoerung,Geplante Stoerung,07.10.2015 17:19 Uhr: Auf den Linien 6 und 8 ist infolge einer Betriebsstoerung mit Verspaetungen und unregelmaessigem Betrieb zu rechnen. Dauer: unbestimmt.,07.10.15 17:19,07.10.15 19:02,Fischermätteli - Worb Dorf
Betriebsstoerung,961,Mittwoch,110,low,2015,10,07.10.15,6,Betriebsstoerung,Geplante Stoerung,07.10.2015 17:19 Uhr: Auf der Linie 6 ist infolge einer Betriebsstoerung mit Verspaetungen und unregelmaessigem Betrieb zu rechnen. Dauer: unbestimmt.,07.10.15 17:19,07.10.15 19:09,Fischermätteli - Worb Dorf
Kundgebung_oder_Veranstaltung,962,Samstag,202,medium,2015,10,10.10.15,3,Kundgebung oder Veranstaltung,Geplante Stoerung,10.10.2015 19:15 Uhr: Auf den Linien 3 6 7 8 9 10 11 12 17 19 20 21 und 30 ist infolge einer Kundgebung mit unregelmaessigem Betrieb zu rechnen. Beachten Sie bitte die einzelnen Meldungen zu den Linien. Dauer: unbestimmt.,10.10.15 19:18,10.10.15 22:40,Bern Bahnhof - Weissenbühl
Kundgebung_oder_Veranstaltung,963,Samstag,202,medium,2015,10,10.10.15,6,Kundgebung oder Veranstaltung,Geplante Stoerung,10.10.2015 19:15 Uhr: Auf den Linien 3 6 7 8 9 10 11 12 17 19 20 21 und 30 ist infolge einer Kundgebung mit unregelmaessigem Betrieb zu rechnen. Beachten Sie bitte die einzelnen Meldungen zu den Linien. Dauer: unbestimmt.,10.10.15 19:18,10.10.15 22:40,Fischermätteli - Worb Dorf
Kundgebung_oder_Veranstaltung,964,Samstag,202,medium,2015,10,10.10.15,7,Kundgebung oder Veranstaltung,Geplante Stoerung,10.10.2015 19:15 Uhr: Auf den Linien 3 6 7 8 9 10 11 12 17 19 20 21 und 30 ist infolge einer Kundgebung mit unregelmaessigem Betrieb zu rechnen. Beachten Sie bitte die einzelnen Meldungen zu den Linien. Dauer: unbestimmt.,10.10.15 19:18,10.10.15 22:40,Bümpliz - Ostring
Kundgebung_oder_Veranstaltung,965,Samstag,202,medium,2015,10,10.10.15,8,Kundgebung oder Veranstaltung,Geplante Stoerung,10.10.2015 19:15 Uhr: Auf den Linien 3 6 7 8 9 10 11 12 17 19 20 21 und 30 ist infolge einer Kundgebung mit unregelmaessigem Betrieb zu rechnen. Beachten Sie bitte die einzelnen Meldungen zu den Linien. Dauer: unbestimmt.,10.10.15 19:18,10.10.15 22:40,Brünnen Westside Bahnhof - Saali
Kundgebung_oder_Veranstaltung,966,Samstag,202,medium,2015,10,10.10.15,9,Kundgebung oder Veranstaltung,Geplante Stoerung,10.10.2015 19:15 Uhr: Auf den Linien 3 6 7 8 9 10 11 12 17 19 20 21 und 30 ist infolge einer Kundgebung mit unregelmaessigem Betrieb zu rechnen. Beachten Sie bitte die einzelnen Meldungen zu den Linien. Dauer: unbestimmt.,10.10.15 19:18,10.10.15 22:40,Wabern - Wankdorf Bahnhof
Kundgebung_oder_Veranstaltung,967,Samstag,202,medium,2015,10,10.10.15,10,Kundgebung oder Veranstaltung,Geplante Stoerung,10.10.2015 19:15 Uhr: Auf den Linien 3 6 7 8 9 10 11 12 17 19 20 21 und 30 ist infolge einer Kundgebung mit unregelmaessigem Betrieb zu rechnen. Beachten Sie bitte die einzelnen Meldungen zu den Linien. Dauer: unbestimmt.,10.10.15 19:18,10.10.15 22:40,Köniz Schliern - Ostermundigen Rüti
Kundgebung_oder_Veranstaltung,968,Samstag,202,medium,2015,10,10.10.15,11,Kundgebung oder Veranstaltung,Geplante Stoerung,10.10.2015 19:15 Uhr: Auf den Linien 3 6 7 8 9 10 11 12 17 19 20 21 und 30 ist infolge einer Kundgebung mit unregelmaessigem Betrieb zu rechnen. Beachten Sie bitte die einzelnen Meldungen zu den Linien. Dauer: unbestimmt.,10.10.15 19:18,10.10.15 22:40,Holligen - Neufeld P+R
Kundgebung_oder_Veranstaltung,969,Samstag,202,medium,2015,10,10.10.15,12,Kundgebung oder Veranstaltung,Geplante Stoerung,10.10.2015 19:15 Uhr: Auf den Linien 3 6 7 8 9 10 11 12 17 19 20 21 und 30 ist infolge einer Kundgebung mit unregelmaessigem Betrieb zu rechnen. Beachten Sie bitte die einzelnen Meldungen zu den Linien. Dauer: unbestimmt.,10.10.15 19:18,10.10.15 22:40,Längasse - Zentrum Paul Klee
Kundgebung_oder_Veranstaltung,970,Samstag,202,medium,2015,10,10.10.15,17,Kundgebung oder Veranstaltung,Geplante Stoerung,10.10.2015 19:15 Uhr: Auf den Linien 3 6 7 8 9 10 11 12 17 19 20 21 und 30 ist infolge einer Kundgebung mit unregelmaessigem Betrieb zu rechnen. Beachten Sie bitte die einzelnen Meldungen zu den Linien. Dauer: unbestimmt.,10.10.15 19:18,10.10.15 22:40,Bern Bahnhof - Köniz Weiermatt
Kundgebung_oder_Veranstaltung,971,Samstag,202,medium,2015,10,10.10.15,19,Kundgebung oder Veranstaltung,Geplante Stoerung,10.10.2015 19:15 Uhr: Auf den Linien 3 6 7 8 9 10 11 12 17 19 20 21 und 30 ist infolge einer Kundgebung mit unregelmaessigem Betrieb zu rechnen. Beachten Sie bitte die einzelnen Meldungen zu den Linien. Dauer: unbestimmt.,10.10.15 19:18,10.10.15 22:40,Blinzern - Elfenau
Kundgebung_oder_Veranstaltung,972,Samstag,202,medium,2015,10,10.10.15,20,Kundgebung oder Veranstaltung,Geplante Stoerung,10.10.2015 19:15 Uhr: Auf den Linien 3 6 7 8 9 10 11 12 17 19 20 21 und 30 ist infolge einer Kundgebung mit unregelmaessigem Betrieb zu rechnen. Beachten Sie bitte die einzelnen Meldungen zu den Linien. Dauer: unbestimmt.,10.10.15 19:18,10.10.15 22:40,Bern Bahnhof - Wankdorf Bahnhof
Kundgebung_oder_Veranstaltung,973,Samstag,202,medium,2015,10,10.10.15,8,Kundgebung oder Veranstaltung,Geplante Stoerung,10.10.2015 19:15 Uhr: Auf den Linien 3 6 7 8 9 10 11 12 17 19 20 21 und 30 ist infolge einer Kundgebung mit unregelmaessigem Betrieb zu rechnen. Beachten Sie bitte die einzelnen Meldungen zu den Linien. Dauer: unbestimmt.,10.10.15 19:18,10.10.15 22:40,Brünnen Westside Bahnhof - Saali
Kundgebung_oder_Veranstaltung,974,Samstag,202,medium,2015,10,10.10.15,11,Kundgebung oder Veranstaltung,Geplante Stoerung,10.10.2015 19:15 Uhr: Auf den Linien 3 6 7 8 9 10 11 12 17 19 20 21 und 30 ist infolge einer Kundgebung mit unregelmaessigem Betrieb zu rechnen. Beachten Sie bitte die einzelnen Meldungen zu den Linien. Dauer: unbestimmt.,10.10.15 19:18,10.10.15 22:40,Holligen - Neufeld P+R
Kundgebung_oder_Veranstaltung,975,Samstag,202,medium,2015,10,10.10.15,12,Kundgebung oder Veranstaltung,Geplante Stoerung,10.10.2015 19:15 Uhr: Auf den Linien 3 6 7 8 9 10 11 12 17 19 20 21 und 30 ist infolge einer Kundgebung mit unregelmaessigem Betrieb zu rechnen. Beachten Sie bitte die einzelnen Meldungen zu den Linien. Dauer: unbestimmt.,10.10.15 19:18,10.10.15 22:40,Längasse - Zentrum Paul Klee
Kundgebung_oder_Veranstaltung,976,Samstag,202,medium,2015,10,10.10.15,20,Kundgebung oder Veranstaltung,Geplante Stoerung,10.10.2015 19:15 Uhr: Auf den Linien 3 6 7 8 9 10 11 12 17 19 20 21 und 30 ist infolge einer Kundgebung mit unregelmaessigem Betrieb zu rechnen. Beachten Sie bitte die einzelnen Meldungen zu den Linien. Dauer: unbestimmt.,10.10.15 19:18,10.10.15 22:40,Bern Bahnhof - Wankdorf Bahnhof
Kundgebung_oder_Veranstaltung,977,Samstag,184,medium,2015,10,10.10.15,3,Kundgebung oder Veranstaltung,Geplante Stoerung,10.10.2015 19:32 Uhr: Auf den Linien 3 7 8 und 9 ist infolge einer Kundgebung die Strecke zwischen Hirschengraben und Zytglogge unterbrochen. Dauer: unbestimmt.,10.10.15 19:32,10.10.15 22:35,Bern Bahnhof - Weissenbühl
Kundgebung_oder_Veranstaltung,978,Samstag,184,medium,2015,10,10.10.15,7,Kundgebung oder Veranstaltung,Geplante Stoerung,10.10.2015 19:32 Uhr: Auf den Linien 3 7 8 und 9 ist infolge einer Kundgebung die Strecke zwischen Hirschengraben und Zytglogge unterbrochen. Dauer: unbestimmt.,10.10.15 19:32,10.10.15 22:35,Bümpliz - Ostring
Kundgebung_oder_Veranstaltung,979,Samstag,184,medium,2015,10,10.10.15,8,Kundgebung oder Veranstaltung,Geplante Stoerung,10.10.2015 19:32 Uhr: Auf den Linien 3 7 8 und 9 ist infolge einer Kundgebung die Strecke zwischen Hirschengraben und Zytglogge unterbrochen. Dauer: unbestimmt.,10.10.15 19:32,10.10.15 22:35,Brünnen Westside Bahnhof - Saali
Kundgebung_oder_Veranstaltung,980,Samstag,184,medium,2015,10,10.10.15,9,Kundgebung oder Veranstaltung,Geplante Stoerung,10.10.2015 19:32 Uhr: Auf den Linien 3 7 8 und 9 ist infolge einer Kundgebung die Strecke zwischen Hirschengraben und Zytglogge unterbrochen. Dauer: unbestimmt.,10.10.15 19:32,10.10.15 22:35,Wabern - Wankdorf Bahnhof
Kundgebung_oder_Veranstaltung,981,Samstag,184,medium,2015,10,10.10.15,8,Kundgebung oder Veranstaltung,Geplante Stoerung,10.10.2015 19:32 Uhr: Auf den Linien 3 7 8 und 9 ist infolge einer Kundgebung die Strecke zwischen Hirschengraben und Zytglogge unterbrochen. Dauer: unbestimmt.,10.10.15 19:32,10.10.15 22:35,Brünnen Westside Bahnhof - Saali
Kundgebung_oder_Veranstaltung,982,Samstag,179,medium,2015,10,10.10.15,3,Kundgebung oder Veranstaltung,Stoerung,Innenstadt Bern: Infolge einer Kundgebung ist der Betrieb zwischen Hirschengraben und Zytglogge unterbrochen. Dauer unbestimmt. Anschluesse werden nicht gewaehrleistet.,10.10.15 19:38,10.10.15 22:37,Bern Bahnhof - Weissenbühl
Kundgebung_oder_Veranstaltung,983,Samstag,179,medium,2015,10,10.10.15,6,Kundgebung oder Veranstaltung,Stoerung,Innenstadt Bern: Infolge einer Kundgebung ist der Betrieb zwischen Hirschengraben und Zytglogge unterbrochen. Dauer unbestimmt. Anschluesse werden nicht gewaehrleistet.,10.10.15 19:38,10.10.15 22:37,Fischermätteli - Worb Dorf
Kundgebung_oder_Veranstaltung,984,Samstag,179,medium,2015,10,10.10.15,7,Kundgebung oder Veranstaltung,Stoerung,Innenstadt Bern: Infolge einer Kundgebung ist der Betrieb zwischen Hirschengraben und Zytglogge unterbrochen. Dauer unbestimmt. Anschluesse werden nicht gewaehrleistet.,10.10.15 19:38,10.10.15 22:37,Bümpliz - Ostring
Kundgebung_oder_Veranstaltung,985,Samstag,179,medium,2015,10,10.10.15,8,Kundgebung oder Veranstaltung,Stoerung,Innenstadt Bern: Infolge einer Kundgebung ist der Betrieb zwischen Hirschengraben und Zytglogge unterbrochen. Dauer unbestimmt. Anschluesse werden nicht gewaehrleistet.,10.10.15 19:38,10.10.15 22:37,Brünnen Westside Bahnhof - Saali
Kundgebung_oder_Veranstaltung,986,Samstag,179,medium,2015,10,10.10.15,9,Kundgebung oder Veranstaltung,Stoerung,Innenstadt Bern: Infolge einer Kundgebung ist der Betrieb zwischen Hirschengraben und Zytglogge unterbrochen. Dauer unbestimmt. Anschluesse werden nicht gewaehrleistet.,10.10.15 19:38,10.10.15 22:37,Wabern - Wankdorf Bahnhof
Kundgebung_oder_Veranstaltung,987,Samstag,179,medium,2015,10,10.10.15,10,Kundgebung oder Veranstaltung,Stoerung,Innenstadt Bern: Infolge einer Kundgebung ist der Betrieb zwischen Hirschengraben und Zytglogge unterbrochen. Dauer unbestimmt. Anschluesse werden nicht gewaehrleistet.,10.10.15 19:38,10.10.15 22:37,Köniz Schliern - Ostermundigen Rüti
Kundgebung_oder_Veranstaltung,988,Samstag,179,medium,2015,10,10.10.15,11,Kundgebung oder Veranstaltung,Stoerung,Innenstadt Bern: Infolge einer Kundgebung ist der Betrieb zwischen Hirschengraben und Zytglogge unterbrochen. Dauer unbestimmt. Anschluesse werden nicht gewaehrleistet.,10.10.15 19:38,10.10.15 22:37,Holligen - Neufeld P+R
Kundgebung_oder_Veranstaltung,989,Samstag,179,medium,2015,10,10.10.15,12,Kundgebung oder Veranstaltung,Stoerung,Innenstadt Bern: Infolge einer Kundgebung ist der Betrieb zwischen Hirschengraben und Zytglogge unterbrochen. Dauer unbestimmt. Anschluesse werden nicht gewaehrleistet.,10.10.15 19:38,10.10.15 22:37,Längasse - Zentrum Paul Klee
Kundgebung_oder_Veranstaltung,990,Samstag,179,medium,2015,10,10.10.15,17,Kundgebung oder Veranstaltung,Stoerung,Innenstadt Bern: Infolge einer Kundgebung ist der Betrieb zwischen Hirschengraben und Zytglogge unterbrochen. Dauer unbestimmt. Anschluesse werden nicht gewaehrleistet.,10.10.15 19:38,10.10.15 22:37,Bern Bahnhof - Köniz Weiermatt
Kundgebung_oder_Veranstaltung,991,Samstag,179,medium,2015,10,10.10.15,19,Kundgebung oder Veranstaltung,Stoerung,Innenstadt Bern: Infolge einer Kundgebung ist der Betrieb zwischen Hirschengraben und Zytglogge unterbrochen. Dauer unbestimmt. Anschluesse werden nicht gewaehrleistet.,10.10.15 19:38,10.10.15 22:37,Blinzern - Elfenau
Kundgebung_oder_Veranstaltung,992,Samstag,179,medium,2015,10,10.10.15,20,Kundgebung oder Veranstaltung,Stoerung,Innenstadt Bern: Infolge einer Kundgebung ist der Betrieb zwischen Hirschengraben und Zytglogge unterbrochen. Dauer unbestimmt. Anschluesse werden nicht gewaehrleistet.,10.10.15 19:38,10.10.15 22:37,Bern Bahnhof - Wankdorf Bahnhof
Kundgebung_oder_Veranstaltung,993,Samstag,179,medium,2015,10,10.10.15,160,Kundgebung oder Veranstaltung,Stoerung,Innenstadt Bern: Infolge einer Kundgebung ist der Betrieb zwischen Hirschengraben und Zytglogge unterbrochen. Dauer unbestimmt. Anschluesse werden nicht gewaehrleistet.,10.10.15 19:38,10.10.15 22:37,Konolfingen - Belp
Kundgebung_oder_Veranstaltung,994,Samstag,179,medium,2015,10,10.10.15,8,Kundgebung oder Veranstaltung,Stoerung,Innenstadt Bern: Infolge einer Kundgebung ist der Betrieb zwischen Hirschengraben und Zytglogge unterbrochen. Dauer unbestimmt. Anschluesse werden nicht gewaehrleistet.,10.10.15 19:38,10.10.15 22:37,Brünnen Westside Bahnhof - Saali
Kundgebung_oder_Veranstaltung,995,Samstag,179,medium,2015,10,10.10.15,11,Kundgebung oder Veranstaltung,Stoerung,Innenstadt Bern: Infolge einer Kundgebung ist der Betrieb zwischen Hirschengraben und Zytglogge unterbrochen. Dauer unbestimmt. Anschluesse werden nicht gewaehrleistet.,10.10.15 19:38,10.10.15 22:37,Holligen - Neufeld P+R
Kundgebung_oder_Veranstaltung,996,Samstag,179,medium,2015,10,10.10.15,12,Kundgebung oder Veranstaltung,Stoerung,Innenstadt Bern: Infolge einer Kundgebung ist der Betrieb zwischen Hirschengraben und Zytglogge unterbrochen. Dauer unbestimmt. Anschluesse werden nicht gewaehrleistet.,10.10.15 19:38,10.10.15 22:37,Längasse - Zentrum Paul Klee
Kundgebung_oder_Veranstaltung,997,Samstag,179,medium,2015,10,10.10.15,20,Kundgebung oder Veranstaltung,Stoerung,Innenstadt Bern: Infolge einer Kundgebung ist der Betrieb zwischen Hirschengraben und Zytglogge unterbrochen. Dauer unbestimmt. Anschluesse werden nicht gewaehrleistet.,10.10.15 19:38,10.10.15 22:37,Bern Bahnhof - Wankdorf Bahnhof
Kundgebung_oder_Veranstaltung,998,Samstag,175,medium,2015,10,10.10.15,7,Kundgebung oder Veranstaltung,Geplante Stoerung,10.10.2015 19:39 Uhr: Auf der Linie 7 ist infolge einer Kundgebung die Strecke zwischen Hirschengraben und Zytglogge nicht bedient. Bitte in der Wallgasse und am Zytglogge einsteigen. Dauer: unbestimmt.,10.10.15 19:40,10.10.15 22:35,Bümpliz - Ostring
Kundgebung_oder_Veranstaltung,999,Samstag,174,medium,2015,10,10.10.15,8,Kundgebung oder Veranstaltung,Geplante Stoerung,10.10.2015 19:40 Uhr: Auf der Linie 8 ist infolge einer Kundgebung die Strecke zwischen Hirschengraben und Zytglogge nicht bedient. Bitte in der Wallgasse und beim Zytglogge einsteigen. Dauer: unbestimmt.,10.10.15 19:41,10.10.15 22:35,Brünnen Westside Bahnhof - Saali
Kundgebung_oder_Veranstaltung,1000,Samstag,174,medium,2015,10,10.10.15,8,Kundgebung oder Veranstaltung,Geplante Stoerung,10.10.2015 19:40 Uhr: Auf der Linie 8 ist infolge einer Kundgebung die Strecke zwischen Hirschengraben und Zytglogge nicht bedient. Bitte in der Wallgasse und beim Zytglogge einsteigen. Dauer: unbestimmt.,10.10.15 19:41,10.10.15 22:35,Brünnen Westside Bahnhof - Saali
Kundgebung_oder_Veranstaltung,1001,Samstag,170,medium,2015,10,10.10.15,9,Kundgebung oder Veranstaltung,Geplante Stoerung,10.10.2015 19:44 Uhr: Auf der Linie 9 ist infolge einer Kundgebung die Strecke zwischen Hirschengraben und Zytglogge nicht bedient. Bitte in der Wallgasse und am Zytglogge einsteigen. Dauer: unbestimmt.,10.10.15 19:45,10.10.15 22:35,Wabern - Wankdorf Bahnhof
Kundgebung_oder_Veranstaltung,1002,Samstag,163,medium,2015,10,10.10.15,3,Kundgebung oder Veranstaltung,Geplante Stoerung,10.10.2015 19:48 Uhr: Auf der Linie 3 ist infolge einer Kundgebung die Strecke zwischen Hirschengraben und Bern Bahnhof unterbrochen. Bitte in der Wallgasse einsteigen. Dauer: unbestimmt.,10.10.15 19:49,10.10.15 22:31,Bern Bahnhof - Weissenbühl
Kundgebung_oder_Veranstaltung,1003,Samstag,161,medium,2015,10,10.10.15,12,Kundgebung oder Veranstaltung,Geplante Stoerung,10.10.2015 19:49 Uhr: Auf der Linie 12 ist infolge einer Kundgebung die Strecke zwischen Schanzenstrasse und Zytglogge via Bundesgasse umgeleitet. Bitte bei der Linie 10 einsteigen. Dauer: unbestimmt.,10.10.15 19:50,10.10.15 22:30,Längasse - Zentrum Paul Klee
Kundgebung_oder_Veranstaltung,1004,Samstag,161,medium,2015,10,10.10.15,12,Kundgebung oder Veranstaltung,Geplante Stoerung,10.10.2015 19:49 Uhr: Auf der Linie 12 ist infolge einer Kundgebung die Strecke zwischen Schanzenstrasse und Zytglogge via Bundesgasse umgeleitet. Bitte bei der Linie 10 einsteigen. Dauer: unbestimmt.,10.10.15 19:50,10.10.15 22:30,Längasse - Zentrum Paul Klee
Kundgebung_oder_Veranstaltung,1005,Samstag,27,verylow,2015,10,10.10.15,11,Kundgebung oder Veranstaltung,Geplante Stoerung,10.10.2015 20:03 Uhr: Auf den Linien 11 12 und 20 ist infolge einer Kundgebung die Strecke zwischen Bern Bahnhof und Bollwerk unterbrochen. Dauer: unbestimmt.,10.10.15 20:03,10.10.15 20:30,Holligen - Neufeld P+R
Kundgebung_oder_Veranstaltung,1006,Samstag,27,verylow,2015,10,10.10.15,12,Kundgebung oder Veranstaltung,Geplante Stoerung,10.10.2015 20:03 Uhr: Auf den Linien 11 12 und 20 ist infolge einer Kundgebung die Strecke zwischen Bern Bahnhof und Bollwerk unterbrochen. Dauer: unbestimmt.,10.10.15 20:03,10.10.15 20:30,Längasse - Zentrum Paul Klee
Kundgebung_oder_Veranstaltung,1007,Samstag,27,verylow,2015,10,10.10.15,20,Kundgebung oder Veranstaltung,Geplante Stoerung,10.10.2015 20:03 Uhr: Auf den Linien 11 12 und 20 ist infolge einer Kundgebung die Strecke zwischen Bern Bahnhof und Bollwerk unterbrochen. Dauer: unbestimmt.,10.10.15 20:03,10.10.15 20:30,Bern Bahnhof - Wankdorf Bahnhof
Kundgebung_oder_Veranstaltung,1008,Samstag,27,verylow,2015,10,10.10.15,11,Kundgebung oder Veranstaltung,Geplante Stoerung,10.10.2015 20:03 Uhr: Auf den Linien 11 12 und 20 ist infolge einer Kundgebung die Strecke zwischen Bern Bahnhof und Bollwerk unterbrochen. Dauer: unbestimmt.,10.10.15 20:03,10.10.15 20:30,Holligen - Neufeld P+R
Kundgebung_oder_Veranstaltung,1009,Samstag,27,verylow,2015,10,10.10.15,12,Kundgebung oder Veranstaltung,Geplante Stoerung,10.10.2015 20:03 Uhr: Auf den Linien 11 12 und 20 ist infolge einer Kundgebung die Strecke zwischen Bern Bahnhof und Bollwerk unterbrochen. Dauer: unbestimmt.,10.10.15 20:03,10.10.15 20:30,Längasse - Zentrum Paul Klee
Kundgebung_oder_Veranstaltung,1010,Samstag,27,verylow,2015,10,10.10.15,20,Kundgebung oder Veranstaltung,Geplante Stoerung,10.10.2015 20:03 Uhr: Auf den Linien 11 12 und 20 ist infolge einer Kundgebung die Strecke zwischen Bern Bahnhof und Bollwerk unterbrochen. Dauer: unbestimmt.,10.10.15 20:03,10.10.15 20:30,Bern Bahnhof - Wankdorf Bahnhof
Kundgebung_oder_Veranstaltung,1011,Samstag,221,medium,2015,10,10.10.15,6,Kundgebung oder Veranstaltung,Geplante Stoerung,10.10.2015 19:12 Uhr: Auf der Linie 6 ist infolge einer Kundgebung die Strecke zwischen Zytglogge und Fischermaetteli unterbrochen. Die Busse der Linie 17 bedienen die Strecke nach Fischermaetteli. Dauer: unbestimmt.,10.10.15 19:13,10.10.15 22:53,Fischermätteli - Worb Dorf
Verspaetungen_Allgemein,1012,Dienstag,58,low,2015,10,13.10.15,7,Verspaetungen Allgemein,Geplante Stoerung,13.10.2015 07:02 Uhr: Die Linie 7 ist wieder durchgehend befahrbar es ist jedoch mit Verspaetungen und unregelmaessigem Betrieb zu rechnen.,13.10.15 07:05,13.10.15 08:02,Bümpliz - Ostring
Verspaetungen_Allgemein,1013,Dienstag,48,low,2015,10,13.10.15,7,Verspaetungen Allgemein,Geplante Stoerung,13.10.2015 07:02 Uhr: Die Linie 7 ist wieder durchgehend befahrbar es ist jedoch mit Verspaetungen und unregelmaessigem Betrieb zu rechnen.,13.10.15 07:15,13.10.15 08:02,Bümpliz - Ostring
Verkehrsueberlastung,1014,Dienstag,71,low,2015,10,13.10.15,10,Verkehrsueberlastung,Stoerung,Auf der Linie 10 ist infolge Verkehrueberlastung mit unregelmaessigem Betrieb zu rechnen. Dauer: bis 13.10.2015 ca. 19:00 Uhr.,13.10.15 17:33,13.10.15 18:43,Köniz Schliern - Ostermundigen Rüti
Verkehrsueberlastung,1015,Dienstag,61,low,2015,10,13.10.15,11,Verkehrsueberlastung,Stoerung,Auf der Linie 11 ist infolge Verkehrueberlastung mit unregelmaessigem Betrieb zu rechnen. Dauer: bis 13.10.2015 ca. 19:00 Uhr.,13.10.15 17:59,13.10.15 19:00,Holligen - Neufeld P+R
Verkehrsueberlastung,1016,Dienstag,61,low,2015,10,13.10.15,11,Verkehrsueberlastung,Stoerung,Auf der Linie 11 ist infolge Verkehrueberlastung mit unregelmaessigem Betrieb zu rechnen. Dauer: bis 13.10.2015 ca. 19:00 Uhr.,13.10.15 17:59,13.10.15 19:00,Holligen - Neufeld P+R
Fahrzeugpanne,1017,Mittwoch,58,low,2015,10,14.10.15,10,Fahrzeugpanne,Stoerung,Auf der Linie 10 ist infolge einer Fahrzeugpanne mit unregelmaessigem Betrieb zu rechnen.,14.10.15 07:36,14.10.15 08:34,Köniz Schliern - Ostermundigen Rüti
Verkehrsueberlastung,1018,Mittwoch,63,low,2015,10,14.10.15,10,Verkehrsueberlastung,Geplante Stoerung,14.10.2015 17:27 Uhr: Auf der Linie 10 ist infolge Verkehrueberlastung mit Verspaetungen und unregelmaessigem Betrieb zu rechnen. Dauer: unbestimmt.,14.10.15 17:28,14.10.15 18:31,Köniz Schliern - Ostermundigen Rüti
Verspaetungen_Allgemein,1019,Donnerstag,134,medium,2015,10,15.10.15,9,Verspaetungen Allgemein,Geplante Stoerung,15.10.2015 16:00 Uhr: Auf der Linie 9 ist infolge Oberleitungsschaden mit grossen Verspaetungen und unregelmaessigem Betrieb zu rechnen. Dauer: unbestimmt.,15.10.15 16:00,15.10.15 18:14,Wabern - Wankdorf Bahnhof
Verkehrsueberlastung,1020,Donnerstag,85,low,2015,10,15.10.15,10,Verkehrsueberlastung,Stoerung,Auf der Linie 10 ist infolge Verkehrueberlastung mit unregelmaessigem Betrieb zu rechnen. Dauer: bis 15.10.2015 ca. 19:00 Uhr.,15.10.15 17:35,15.10.15 19:00,Köniz Schliern - Ostermundigen Rüti
Verkehrsunfall,1021,Donnerstag,131,medium,2015,10,15.10.15,11,Verkehrsunfall,Stoerung,Auf den Linien 11 und 12 ist infolge eines Verkehrsunfalls mit Verspaetungen und unregelmaessigem Betrieb zu rechnen. Dauer: bis 15.10.2015 ca. 20:00 Uhr.,15.10.15 17:49,15.10.15 20:00,Holligen - Neufeld P+R
Verkehrsunfall,1022,Donnerstag,131,medium,2015,10,15.10.15,12,Verkehrsunfall,Stoerung,Auf den Linien 11 und 12 ist infolge eines Verkehrsunfalls mit Verspaetungen und unregelmaessigem Betrieb zu rechnen. Dauer: bis 15.10.2015 ca. 20:00 Uhr.,15.10.15 17:49,15.10.15 20:00,Längasse - Zentrum Paul Klee
Verkehrsunfall,1023,Donnerstag,131,medium,2015,10,15.10.15,11,Verkehrsunfall,Stoerung,Auf den Linien 11 und 12 ist infolge eines Verkehrsunfalls mit Verspaetungen und unregelmaessigem Betrieb zu rechnen. Dauer: bis 15.10.2015 ca. 20:00 Uhr.,15.10.15 17:49,15.10.15 20:00,Holligen - Neufeld P+R
Verkehrsunfall,1024,Donnerstag,131,medium,2015,10,15.10.15,12,Verkehrsunfall,Stoerung,Auf den Linien 11 und 12 ist infolge eines Verkehrsunfalls mit Verspaetungen und unregelmaessigem Betrieb zu rechnen. Dauer: bis 15.10.2015 ca. 20:00 Uhr.,15.10.15 17:49,15.10.15 20:00,Längasse - Zentrum Paul Klee
Kundgebung_oder_Veranstaltung,1025,Sonntag,210,medium,2015,11,29.11.15,10,Kundgebung oder Veranstaltung,Stoerung,Auf den Linien 10 und 19 ist infolge der Lichtshow auf dem Bundesplatz die Strecke zwischen Zytglogge und Bern Bahnhof in beiden Richtungen via Spital-/Marktgasse umgeleitet. Dauer: bis 29.11.2015 22:00 Uhr.,29.11.15 18:30,29.11.15 22:00,Köniz Schliern - Ostermundigen Rüti
Kundgebung_oder_Veranstaltung,1026,Sonntag,210,medium,2015,11,29.11.15,19,Kundgebung oder Veranstaltung,Stoerung,Auf den Linien 10 und 19 ist infolge der Lichtshow auf dem Bundesplatz die Strecke zwischen Zytglogge und Bern Bahnhof in beiden Richtungen via Spital-/Marktgasse umgeleitet. Dauer: bis 29.11.2015 22:00 Uhr.,29.11.15 18:30,29.11.15 22:00,Blinzern - Elfenau
Fahrzeugpanne,1027,Freitag,171,medium,2015,10,16.10.15,8,Fahrzeugpanne,Geplante Stoerung,16.10.2015 09:31 Uhr: Auf der Linie 8 ist infolge einer Fahrzeugpanne mit Verspaetungen und unregelmaessigem Betrieb zu rechnen. Dauer: unbestimmt.,16.10.15 09:31,16.10.15 12:22,Brünnen Westside Bahnhof - Saali
Fahrzeugpanne,1028,Freitag,108,low,2015,10,16.10.15,12,Fahrzeugpanne,Geplante Stoerung,16.10.2015 09:37 Uhr: Auf der Linie 12 ist infolge einer Fahrzeugpanne mit Verspaetungen und Kursausfaellen zu rechnen. Dauer: unbestimmt.,16.10.15 09:37,16.10.15 11:25,Längasse - Zentrum Paul Klee
Fahrzeugpanne,1029,Freitag,108,low,2015,10,16.10.15,12,Fahrzeugpanne,Geplante Stoerung,16.10.2015 09:37 Uhr: Auf der Linie 12 ist infolge einer Fahrzeugpanne mit Verspaetungen und Kursausfaellen zu rechnen. Dauer: unbestimmt.,16.10.15 09:37,16.10.15 11:25,Längasse - Zentrum Paul Klee
Sonstige_Stoerungen,1030,Freitag,10,verylow,2015,10,16.10.15,6,Sonstige Stoerungen,Stoerung,Die Linie 6 faehrt wieder nach Fahrplan.,16.10.15 11:05,16.10.15 11:15,Fischermätteli - Worb Dorf
Fahrzeugpanne,1031,Freitag,16,verylow,2015,10,16.10.15,9,Fahrzeugpanne,Stoerung,Auf der Linie 9 ist infolge einer Fahrzeugpanne mit unregelmaessigem Betrieb zu rechnen. Dauer: bis 16.10.2015 ca. 11:15 Uhr.,16.10.15 10:54,16.10.15 11:09,Wabern - Wankdorf Bahnhof
Sonstige_Stoerungen,1032,Freitag,15,verylow,2015,10,16.10.15,7,Sonstige Stoerungen,Stoerung,Die Linie 7 faehrt wieder nach Fahrplan.,16.10.15 11:47,16.10.15 12:02,Bümpliz - Ostring
Kundgebung_oder_Veranstaltung,1033,Samstag,125,medium,2015,10,17.10.15,6,Kundgebung oder Veranstaltung,Geplante Stoerung,17.10.2015 14:14 Uhr: Auf den Linien 6 7 8 9 und 12 ist infolge einer Kundgebung mit Verspaetungen und unregelmaessigem Betrieb zu rechnen. Dauer: unbestimmt.,17.10.15 14:14,17.10.15 16:19,Fischermätteli - Worb Dorf
Kundgebung_oder_Veranstaltung,1034,Samstag,125,medium,2015,10,17.10.15,7,Kundgebung oder Veranstaltung,Geplante Stoerung,17.10.2015 14:14 Uhr: Auf den Linien 6 7 8 9 und 12 ist infolge einer Kundgebung mit Verspaetungen und unregelmaessigem Betrieb zu rechnen. Dauer: unbestimmt.,17.10.15 14:14,17.10.15 16:19,Bümpliz - Ostring
Kundgebung_oder_Veranstaltung,1035,Samstag,125,medium,2015,10,17.10.15,8,Kundgebung oder Veranstaltung,Geplante Stoerung,17.10.2015 14:14 Uhr: Auf den Linien 6 7 8 9 und 12 ist infolge einer Kundgebung mit Verspaetungen und unregelmaessigem Betrieb zu rechnen. Dauer: unbestimmt.,17.10.15 14:14,17.10.15 16:19,Brünnen Westside Bahnhof - Saali
Kundgebung_oder_Veranstaltung,1036,Samstag,125,medium,2015,10,17.10.15,9,Kundgebung oder Veranstaltung,Geplante Stoerung,17.10.2015 14:14 Uhr: Auf den Linien 6 7 8 9 und 12 ist infolge einer Kundgebung mit Verspaetungen und unregelmaessigem Betrieb zu rechnen. Dauer: unbestimmt.,17.10.15 14:14,17.10.15 16:19,Wabern - Wankdorf Bahnhof
Kundgebung_oder_Veranstaltung,1037,Samstag,125,medium,2015,10,17.10.15,12,Kundgebung oder Veranstaltung,Geplante Stoerung,17.10.2015 14:14 Uhr: Auf den Linien 6 7 8 9 und 12 ist infolge einer Kundgebung mit Verspaetungen und unregelmaessigem Betrieb zu rechnen. Dauer: unbestimmt.,17.10.15 14:14,17.10.15 16:19,Längasse - Zentrum Paul Klee
Kundgebung_oder_Veranstaltung,1038,Samstag,125,medium,2015,10,17.10.15,12,Kundgebung oder Veranstaltung,Geplante Stoerung,17.10.2015 14:14 Uhr: Auf den Linien 6 7 8 9 und 12 ist infolge einer Kundgebung mit Verspaetungen und unregelmaessigem Betrieb zu rechnen. Dauer: unbestimmt.,17.10.15 14:14,17.10.15 16:19,Längasse - Zentrum Paul Klee
Kundgebung_oder_Veranstaltung,1039,Samstag,345,medium,2015,10,17.10.15,6,Kundgebung oder Veranstaltung,Geplante Stoerung,17.10.2015 18:22 Uhr: Auf den Linien 6 7 8 und 12 ist nach der Kundgebung in der Innenstadt noch mit Verspaetungen zu rechnen. Dauer: 45 Minuten.,17.10.15 14:23,17.10.15 20:08,Fischermätteli - Worb Dorf
Kundgebung_oder_Veranstaltung,1040,Samstag,345,medium,2015,10,17.10.15,7,Kundgebung oder Veranstaltung,Geplante Stoerung,17.10.2015 18:22 Uhr: Auf den Linien 6 7 8 und 12 ist nach der Kundgebung in der Innenstadt noch mit Verspaetungen zu rechnen. Dauer: 45 Minuten.,17.10.15 14:23,17.10.15 20:08,Bümpliz - Ostring
Kundgebung_oder_Veranstaltung,1041,Samstag,345,medium,2015,10,17.10.15,8,Kundgebung oder Veranstaltung,Geplante Stoerung,17.10.2015 18:22 Uhr: Auf den Linien 6 7 8 und 12 ist nach der Kundgebung in der Innenstadt noch mit Verspaetungen zu rechnen. Dauer: 45 Minuten.,17.10.15 14:23,17.10.15 20:08,Brünnen Westside Bahnhof - Saali
Kundgebung_oder_Veranstaltung,1042,Samstag,345,medium,2015,10,17.10.15,12,Kundgebung oder Veranstaltung,Geplante Stoerung,17.10.2015 18:22 Uhr: Auf den Linien 6 7 8 und 12 ist nach der Kundgebung in der Innenstadt noch mit Verspaetungen zu rechnen. Dauer: 45 Minuten.,17.10.15 14:23,17.10.15 20:08,Längasse - Zentrum Paul Klee
Kundgebung_oder_Veranstaltung,1043,Samstag,345,medium,2015,10,17.10.15,12,Kundgebung oder Veranstaltung,Geplante Stoerung,17.10.2015 18:22 Uhr: Auf den Linien 6 7 8 und 12 ist nach der Kundgebung in der Innenstadt noch mit Verspaetungen zu rechnen. Dauer: 45 Minuten.,17.10.15 14:23,17.10.15 20:08,Längasse - Zentrum Paul Klee
Kundgebung_oder_Veranstaltung,1044,Sonntag,23,verylow,2015,10,18.10.15,6,Kundgebung oder Veranstaltung,Geplante Stoerung,18.10.2015 17:25 Uhr: Auf den Linien 6 7 8 9 und 12 ist infolge einer Kundgebung mit Verspaetungen und unregelmaessigem Betrieb zu rechnen. Dauer: unbestimmt.,18.10.15 17:25,18.10.15 17:48,Fischermätteli - Worb Dorf
Kundgebung_oder_Veranstaltung,1045,Sonntag,23,verylow,2015,10,18.10.15,7,Kundgebung oder Veranstaltung,Geplante Stoerung,18.10.2015 17:25 Uhr: Auf den Linien 6 7 8 9 und 12 ist infolge einer Kundgebung mit Verspaetungen und unregelmaessigem Betrieb zu rechnen. Dauer: unbestimmt.,18.10.15 17:25,18.10.15 17:48,Bümpliz - Ostring
Kundgebung_oder_Veranstaltung,1046,Sonntag,23,verylow,2015,10,18.10.15,9,Kundgebung oder Veranstaltung,Geplante Stoerung,18.10.2015 17:25 Uhr: Auf den Linien 6 7 8 9 und 12 ist infolge einer Kundgebung mit Verspaetungen und unregelmaessigem Betrieb zu rechnen. Dauer: unbestimmt.,18.10.15 17:25,18.10.15 17:48,Wabern - Wankdorf Bahnhof
Kundgebung_oder_Veranstaltung,1047,Sonntag,23,verylow,2015,10,18.10.15,12,Kundgebung oder Veranstaltung,Geplante Stoerung,18.10.2015 17:25 Uhr: Auf den Linien 6 7 8 9 und 12 ist infolge einer Kundgebung mit Verspaetungen und unregelmaessigem Betrieb zu rechnen. Dauer: unbestimmt.,18.10.15 17:25,18.10.15 17:48,Längasse - Zentrum Paul Klee
Kundgebung_oder_Veranstaltung,1048,Sonntag,23,verylow,2015,10,18.10.15,12,Kundgebung oder Veranstaltung,Geplante Stoerung,18.10.2015 17:25 Uhr: Auf den Linien 6 7 8 9 und 12 ist infolge einer Kundgebung mit Verspaetungen und unregelmaessigem Betrieb zu rechnen. Dauer: unbestimmt.,18.10.15 17:25,18.10.15 17:48,Längasse - Zentrum Paul Klee
Kundgebung_oder_Veranstaltung,1049,Sonntag,23,verylow,2015,10,18.10.15,8,Kundgebung oder Veranstaltung,Geplante Stoerung,18.10.2015 17:25 Uhr: Auf den Linien 6 7 8 9 und 12 ist infolge einer Kundgebung mit Verspaetungen und unregelmaessigem Betrieb zu rechnen. Dauer: unbestimmt.,18.10.15 17:25,18.10.15 17:48,Brünnen Westside Bahnhof - Saali
Kundgebung_oder_Veranstaltung,1050,Sonntag,58,low,2015,10,18.10.15,8,Kundgebung oder Veranstaltung,Geplante Stoerung,18.10.2015 17:25 Uhr: Auf der Linie 8 ist infolge einer Kundgebung mit Verspaetungen und unregelmaessigem Betrieb zu rechnen. Dauer: unbestimmt.,18.10.15 17:25,18.10.15 18:23,Brünnen Westside Bahnhof - Saali
Verkehrsueberlastung,1051,Dienstag,32,low,2015,10,20.10.15,9,Verkehrsueberlastung,Stoerung,Auf der Linie 9 ist infolge Verkehrueberlastung mit Verspaetungen und unregelmaessigem Betrieb zu rechnen. Dauer: bis 20.10.2015 ca. 18:00 Uhr.,20.10.15 17:28,20.10.15 18:00,Wabern - Wankdorf Bahnhof
Fahrzeugpanne,1052,Mittwoch,64,low,2015,10,21.10.15,6,Fahrzeugpanne,Stoerung,Auf den Linien 6 7 8 9 und 17 ist infolge einer Fahrzeugpanne mit unregelmaessigem Betrieb zu rechnen.,21.10.15 07:38,21.10.15 08:41,Fischermätteli - Worb Dorf
Fahrzeugpanne,1053,Mittwoch,64,low,2015,10,21.10.15,7,Fahrzeugpanne,Stoerung,Auf den Linien 6 7 8 9 und 17 ist infolge einer Fahrzeugpanne mit unregelmaessigem Betrieb zu rechnen.,21.10.15 07:38,21.10.15 08:41,Bümpliz - Ostring
Fahrzeugpanne,1054,Mittwoch,64,low,2015,10,21.10.15,8,Fahrzeugpanne,Stoerung,Auf den Linien 6 7 8 9 und 17 ist infolge einer Fahrzeugpanne mit unregelmaessigem Betrieb zu rechnen.,21.10.15 07:38,21.10.15 08:41,Brünnen Westside Bahnhof - Saali
Fahrzeugpanne,1055,Mittwoch,64,low,2015,10,21.10.15,9,Fahrzeugpanne,Stoerung,Auf den Linien 6 7 8 9 und 17 ist infolge einer Fahrzeugpanne mit unregelmaessigem Betrieb zu rechnen.,21.10.15 07:38,21.10.15 08:41,Wabern - Wankdorf Bahnhof
Fahrzeugpanne,1056,Mittwoch,64,low,2015,10,21.10.15,12,Fahrzeugpanne,Stoerung,Auf den Linien 6 7 8 9 und 17 ist infolge einer Fahrzeugpanne mit unregelmaessigem Betrieb zu rechnen.,21.10.15 07:38,21.10.15 08:41,Längasse - Zentrum Paul Klee
Fahrzeugpanne,1057,Mittwoch,64,low,2015,10,21.10.15,12,Fahrzeugpanne,Stoerung,Auf den Linien 6 7 8 9 und 17 ist infolge einer Fahrzeugpanne mit unregelmaessigem Betrieb zu rechnen.,21.10.15 07:38,21.10.15 08:41,Längasse - Zentrum Paul Klee
Kundgebung_oder_Veranstaltung,1058,Donnerstag,555,medium,2015,10,29.10.15,20,Kundgebung oder Veranstaltung,Stoerung,Die Linie 20 faehrt ab 17:15h bis 00:30h infolge einer Veranstaltung bis/ab Wyler. Wankdorf/Bahnhof wird bis 00:30h nicht bedient.,29.10.15 15:15,30.10.15 00:30,Bern Bahnhof - Wankdorf Bahnhof
Kundgebung_oder_Veranstaltung,1059,Donnerstag,555,medium,2015,10,29.10.15,20,Kundgebung oder Veranstaltung,Stoerung,Die Linie 20 faehrt ab 17:15h bis 00:30h infolge einer Veranstaltung bis/ab Wyler. Wankdorf/Bahnhof wird bis 00:30h nicht bedient.,29.10.15 15:15,30.10.15 00:30,Bern Bahnhof - Wankdorf Bahnhof
Kundgebung_oder_Veranstaltung,1060,Sonntag,405,medium,2015,11,01.11.15,9,Kundgebung oder Veranstaltung,Stoerung,Die Linie 9 faehrt ab 12:15 Uhr infolge einer Veranstaltung bis/ab Guisanplatz. Die Strecke Guisanplatz-Wankdorf Bahnhof wird bis 17:00 Uhr nicht bedient.,01.11.15 10:15,01.11.15 17:00,Wabern - Wankdorf Bahnhof
Kundgebung_oder_Veranstaltung,1061,Sonntag,405,medium,2015,11,01.11.15,20,Kundgebung oder Veranstaltung,Stoerung,Die Linie 20 faehrt ab 12:15 Uhr bis 17:00 Uhr infolge einer Veranstaltung bis/ab Wyler. Wankdorf/Bahnhof wird bis 17:00 Uhr nicht bedient.,01.11.15 10:15,01.11.15 17:00,Bern Bahnhof - Wankdorf Bahnhof
Kundgebung_oder_Veranstaltung,1062,Sonntag,405,medium,2015,11,01.11.15,20,Kundgebung oder Veranstaltung,Stoerung,Die Linie 20 faehrt ab 12:15 Uhr bis 17:00 Uhr infolge einer Veranstaltung bis/ab Wyler. Wankdorf/Bahnhof wird bis 17:00 Uhr nicht bedient.,01.11.15 10:15,01.11.15 17:00,Bern Bahnhof - Wankdorf Bahnhof
Verspaetungen_Allgemein,1063,Donnerstag,79,low,2015,10,22.10.15,12,Verspaetungen Allgemein,Geplante Stoerung,22.10.2015 10:57 Uhr: Die Linie 12 ist wieder durchgehend befahrbar es kommt jedoch weiterhin zu Verspaetungen und unregelmaessigem Betrieb.,22.10.15 10:58,22.10.15 12:16,Längasse - Zentrum Paul Klee
Verspaetungen_Allgemein,1064,Donnerstag,79,low,2015,10,22.10.15,12,Verspaetungen Allgemein,Geplante Stoerung,22.10.2015 10:57 Uhr: Die Linie 12 ist wieder durchgehend befahrbar es kommt jedoch weiterhin zu Verspaetungen und unregelmaessigem Betrieb.,22.10.15 10:58,22.10.15 12:16,Längasse - Zentrum Paul Klee
Verspaetungen_Allgemein,1065,Donnerstag,23,verylow,2015,10,22.10.15,12,Verspaetungen Allgemein,Geplante Stoerung,22.10.2015 10:57 Uhr: Die Linie 12 ist wieder durchgehend befahrbar es kommt jedoch weiterhin zu Verspaetungen und unregelmaessigem Betrieb.,22.10.15 11:54,22.10.15 12:16,Längasse - Zentrum Paul Klee
Verspaetungen_Allgemein,1066,Donnerstag,23,verylow,2015,10,22.10.15,12,Verspaetungen Allgemein,Geplante Stoerung,22.10.2015 10:57 Uhr: Die Linie 12 ist wieder durchgehend befahrbar es kommt jedoch weiterhin zu Verspaetungen und unregelmaessigem Betrieb.,22.10.15 11:54,22.10.15 12:16,Längasse - Zentrum Paul Klee
Betriebsstoerung,1067,Donnerstag,147,medium,2015,10,22.10.15,6,Betriebsstoerung,Geplante Stoerung,22.10.2015 17:23 Uhr: Auf der Linie 6 ist infolge einer Betriebsstoerung auf der Strecke zwischen Bern Bahnhof und Fischermaetteli mit unregelmaessigem Betrieb zu rechnen. Dauer: ca. 2h.,22.10.15 17:23,22.10.15 19:49,Fischermätteli - Worb Dorf
Verkehrsueberlastung,1068,Donnerstag,42,low,2015,10,22.10.15,20,Verkehrsueberlastung,Geplante Stoerung,22.10.2015 17:33 Uhr: Auf der Linie 20 ist infolge Verkehrueberlastung mit Verspaetungen zu rechnen. Dauer: ca. 1h.,22.10.15 17:33,22.10.15 18:15,Bern Bahnhof - Wankdorf Bahnhof
Verkehrsueberlastung,1069,Donnerstag,42,low,2015,10,22.10.15,20,Verkehrsueberlastung,Geplante Stoerung,22.10.2015 17:33 Uhr: Auf der Linie 20 ist infolge Verkehrueberlastung mit Verspaetungen zu rechnen. Dauer: ca. 1h.,22.10.15 17:33,22.10.15 18:15,Bern Bahnhof - Wankdorf Bahnhof
Verkehrsueberlastung,1070,Donnerstag,61,low,2015,10,22.10.15,10,Verkehrsueberlastung,Geplante Stoerung,22.10.2015 17:44 Uhr: Auf der Linie 10 ist infolge Verkehrueberlastung mit Verspaetungen zu rechnen. Dauer: ca. 1h.,22.10.15 17:44,22.10.15 18:45,Köniz Schliern - Ostermundigen Rüti
Verkehrsueberlastung,1071,Donnerstag,21,verylow,2015,10,22.10.15,160,Verkehrsueberlastung,Geplante Stoerung,22.10.2015 17:55 Uhr: Auf der Linie 160 ist infolge Verkehrueberlastung mit Verspaetungen zu rechnen. Dauer: ca. 45 Min.,22.10.15 17:55,22.10.15 18:16,Konolfingen - Belp
Betriebsstoerung,1072,Donnerstag,30,verylow,2015,10,22.10.15,17,Betriebsstoerung,Geplante Stoerung,22.10.2015 18:23 Uhr: Auf der Linie 17 ist infolge einer Betriebsstoerung die Strecke zwischen Kocherpark und Fischermaetteli via Brunnhof-Pestalozzi (Linie 6) umgeleitet. Beide Richtungen. Die Haltestellen KV und Loryplatz sind durch die Linie 17 nicht bedient. Dauer: ca. 45 Min.,22.10.15 18:24,22.10.15 18:54,Bern Bahnhof - Köniz Weiermatt
Verkehrsueberlastung,1073,Donnerstag,38,low,2015,10,22.10.15,17,Verkehrsueberlastung,Geplante Stoerung,22.10.2015 18:17 Uhr: Auf der Linie 17 ist infolge Verkehrueberlastung mit Verspaetungen zu rechnen. Dauer: ca. 45 Min.,22.10.15 18:17,22.10.15 18:54,Bern Bahnhof - Köniz Weiermatt
Unregelmaessiger_Betrieb_und_Umleitungen,1074,Sonntag,180,medium,2015,11,01.11.15,19,Unregelmaessiger Betrieb und Umleitungen,Stoerung,Auf der Linie 19 ist infolge Gurten Classic die Strecke zwischen Steinhoelzli und Spiegel via Koeniz Zentrum umgeleitet. Zudem ist mit unregelmaessigem Betrieb zu rechnen. Dauer: bis 01.11.2015 ca. 12:10 Uhr.,01.11.15 09:10,01.11.15 12:10,Blinzern - Elfenau
Fahrzeugpanne,1075,Sonntag,96,low,2015,10,25.10.15,9,Fahrzeugpanne,Geplante Stoerung,25.10.2015 10:53 Uhr: Auf der Linie 9 ist infolge einer Fahrzeugpanne mit Verspaetungen und unregelmaessigem Betrieb zu rechnen. Dauer: unbestimmt.,25.10.15 10:53,25.10.15 12:29,Wabern - Wankdorf Bahnhof
Verkehrsueberlastung,1076,Montag,60,low,2015,10,26.10.15,6,Verkehrsueberlastung,Stoerung,Auf der Linie 6 ist infolge Verkehrueberlastung mit unregelmaessigem Betrieb zu rechnen.,26.10.15 17:28,26.10.15 18:28,Fischermätteli - Worb Dorf
Fahrzeugpanne,1077,Montag,28,verylow,2015,10,26.10.15,11,Fahrzeugpanne,Geplante Stoerung,26.10.2015 20:38 Uhr: Auf der Linie 11 ist infolge einer Fahrzeugpanne mit Verspaetungen und unregelmaessigem Betrieb zu rechnen. Dauer: ca. 1h.,26.10.15 20:38,26.10.15 21:06,Holligen - Neufeld P+R
Fahrzeugpanne,1078,Montag,28,verylow,2015,10,26.10.15,11,Fahrzeugpanne,Geplante Stoerung,26.10.2015 20:38 Uhr: Auf der Linie 11 ist infolge einer Fahrzeugpanne mit Verspaetungen und unregelmaessigem Betrieb zu rechnen. Dauer: ca. 1h.,26.10.15 20:38,26.10.15 21:06,Holligen - Neufeld P+R
Fahrzeugpanne,1079,Montag,38,low,2015,10,26.10.15,9,Fahrzeugpanne,Stoerung,Auf der Linie 9 ist infolge einer Fahrzeugpanne mit Verspaetungen und unregelmaessigem Betrieb zu rechnen. Dauer: bis 26.10.2015 ca. 23:20 Uhr.,26.10.15 22:42,26.10.15 23:20,Wabern - Wankdorf Bahnhof
Fahrzeugpanne,1080,Montag,16,verylow,2015,10,26.10.15,20,Fahrzeugpanne,Stoerung,Auf der Linie 20 ist infolge einer Fahrzeugpanne die Strecke zwischen Wyler und Wankdorf Bahnhof beidseitig unterbrochen. Dauer: bis 26.10.2015 ca. 23:50 Uhr.,26.10.15 22:51,26.10.15 23:07,Bern Bahnhof - Wankdorf Bahnhof
Fahrzeugpanne,1081,Montag,16,verylow,2015,10,26.10.15,20,Fahrzeugpanne,Stoerung,Auf der Linie 20 ist infolge einer Fahrzeugpanne die Strecke zwischen Wyler und Wankdorf Bahnhof beidseitig unterbrochen. Dauer: bis 26.10.2015 ca. 23:50 Uhr.,26.10.15 22:51,26.10.15 23:07,Bern Bahnhof - Wankdorf Bahnhof
Verkehrsueberlastung,1082,Dienstag,88,low,2015,10,27.10.15,10,Verkehrsueberlastung,Stoerung,Auf der Linie 10 ist infolge Verkehrueberlastung mit Verspaetungen und unregelmaessigem Betrieb zu rechnen. Dauer: bis 27.10.2015 ca. 19:00 Uhr.,27.10.15 17:32,27.10.15 19:00,Köniz Schliern - Ostermundigen Rüti
Verkehrsueberlastung,1083,Dienstag,63,low,2015,10,27.10.15,160,Verkehrsueberlastung,Stoerung,Auf der Linie 160 ist infolge Verkehrueberlastung der Kurs um 17:35 Uhr ab Muensingen Bahnhof Richtung Konolfingen Bahnhof um ca. 15 Min verspaetet.,27.10.15 17:47,27.10.15 18:50,Konolfingen - Belp
Verkehrsueberlastung,1084,Mittwoch,38,low,2015,10,28.10.15,10,Verkehrsueberlastung,Geplante Stoerung,28.10.2015 17:43 Uhr: Auf der Linie 10 ist infolge Verkehrueberlastung mit Verspaetungen und unregelmaessigem Betrieb zu rechnen. Dauer: unbestimmt.,28.10.15 17:43,28.10.15 18:21,Köniz Schliern - Ostermundigen Rüti
Verkehrsueberlastung,1085,Donnerstag,44,low,2015,10,29.10.15,10,Verkehrsueberlastung,Geplante Stoerung,29.10.2015 17:39 Uhr: Auf der Linie 10 ist infolge Verkehrueberlastung mit Verspaetungen und unregelmaessigem Betrieb zu rechnen. Dauer: ca. 1h.,29.10.15 17:40,29.10.15 18:24,Köniz Schliern - Ostermundigen Rüti
Kundgebung_oder_Veranstaltung,1086,Donnerstag,555,medium,2015,10,29.10.15,9,Kundgebung oder Veranstaltung,Stoerung,Die L9 faehrt ab 17:15h infolge einer Veranstaltung bis/ab Guisanplatz. Die Strecke Guisanplatz-Wankdorf wird bis 00:40h nicht bedient.,29.10.15 15:15,30.10.15 00:30,Wabern - Wankdorf Bahnhof
Verspaetungen_Allgemein,1087,Montag,76,low,2015,11,02.11.15,6,Verspaetungen Allgemein,Geplante Stoerung,02.11.2015 11:02 Uhr: Die Linie 6 ist wieder durchgehend befahrbar es ist jedoch mit Verspaetungen und unregelmaessigem Betrieb zu rechnen.,02.11.15 11:04,02.11.15 12:20,Fischermätteli - Worb Dorf
Verspaetungen_Allgemein,1088,Montag,27,verylow,2015,11,02.11.15,6,Verspaetungen Allgemein,Geplante Stoerung,02.11.2015 11:02 Uhr: Die Linie 6 ist wieder durchgehend befahrbar es ist jedoch mit Verspaetungen und unregelmaessigem Betrieb zu rechnen.,02.11.15 11:23,02.11.15 11:50,Fischermätteli - Worb Dorf
Verspaetungen_Allgemein,1089,Montag,36,low,2015,11,02.11.15,6,Verspaetungen Allgemein,Geplante Stoerung,02.11.2015 11:02 Uhr: Die Linie 6 ist wieder durchgehend befahrbar es ist jedoch mit Verspaetungen und unregelmaessigem Betrieb zu rechnen.,02.11.15 11:44,02.11.15 12:20,Fischermätteli - Worb Dorf
Fahrzeugpanne,1090,Montag,10,verylow,2015,11,02.11.15,8,Fahrzeugpanne,Geplante Stoerung,02.11.2015 17:04 Uhr: Auf der Linie 8 ist infolge einer Fahrzeugpanne die Strecke zwischen Brunnadernstrasse und Saali via Ostring umgeleitet. Bis / Ab Egghoelzli Linie 6 benuetzen oder die Tramersatzbusse zwischen Brunnadernstrasse und Saali. Dauer: unbestimmt.,02.11.15 17:04,02.11.15 17:14,Brünnen Westside Bahnhof - Saali
Fahrzeugpanne,1091,Montag,70,low,2015,11,02.11.15,8,Fahrzeugpanne,Geplante Stoerung,02.11.2015 17:14 Uhr: Auf der Linie 8 ist nach einer Fahrzeugpanne noch mit unregelmaessigem Betrieb und Verspaetungen zu rechnen. Dauer: ca. 1h.,02.11.15 17:14,02.11.15 18:23,Brünnen Westside Bahnhof - Saali
Verkehrsueberlastung,1092,Montag,68,low,2015,11,02.11.15,10,Verkehrsueberlastung,Geplante Stoerung,02.11.2015 17:36 Uhr: Auf der Linie 10 ist infolge Verkehrueberlastung mit Verspaetungen zu rechnen. Dauer: ca. 1h.,02.11.15 17:36,02.11.15 18:44,Köniz Schliern - Ostermundigen Rüti
Bauarbeiten,1093,Montag,1534,high,2015,11,09.11.15,12,Bauarbeiten,Geplante Stoerung,09.11.2015: Die Haltestelle Bern Laenggasse der Linie 12 ist infolge einer Baustelle verschoben und befindet sich bis am 13.11.2015 bei PostAuto-Haltestelle.,09.11.15 00:01,13.11.15 23:59,Längasse - Zentrum Paul Klee
Verkehrsueberlastung,1094,Dienstag,105,low,2015,11,03.11.15,20,Verkehrsueberlastung,Stoerung,Auf der Linie 20 ist infolge Verkehrueberlastung mit Verspaetungen und unregelmaessigem Betrieb zu rechnen. Dauer: bis 03.11.2015 ca. 18:30 Uhr.,03.11.15 16:53,03.11.15 18:38,Bern Bahnhof - Wankdorf Bahnhof
Verkehrsueberlastung,1095,Dienstag,105,low,2015,11,03.11.15,20,Verkehrsueberlastung,Stoerung,Auf der Linie 20 ist infolge Verkehrueberlastung mit Verspaetungen und unregelmaessigem Betrieb zu rechnen. Dauer: bis 03.11.2015 ca. 18:30 Uhr.,03.11.15 16:53,03.11.15 18:38,Bern Bahnhof - Wankdorf Bahnhof
Verkehrsueberlastung,1096,Dienstag,49,low,2015,11,03.11.15,10,Verkehrsueberlastung,Stoerung,Auf der Linie 10 ist infolge Verkehrueberlastung mit Verspaetungen und unregelmaessigem Betrieb zu rechnen. Dauer: bis 03.11.2015 ca. 19:00 Uhr.,03.11.15 17:48,03.11.15 18:36,Köniz Schliern - Ostermundigen Rüti
Verkehrsueberlastung,1097,Donnerstag,60,low,2015,11,05.11.15,20,Verkehrsueberlastung,Stoerung,Auf der Linie 20 ist infolge Verkehrueberlastung mit unregelmaessigem Betrieb zu rechnen.,05.11.15 17:49,05.11.15 18:49,Bern Bahnhof - Wankdorf Bahnhof
Verkehrsueberlastung,1098,Donnerstag,60,low,2015,11,05.11.15,20,Verkehrsueberlastung,Stoerung,Auf der Linie 20 ist infolge Verkehrueberlastung mit unregelmaessigem Betrieb zu rechnen.,05.11.15 17:49,05.11.15 18:49,Bern Bahnhof - Wankdorf Bahnhof
Verkehrsueberlastung,1099,Donnerstag,60,low,2015,11,05.11.15,10,Verkehrsueberlastung,Stoerung,Auf der Linie 10 ist infolge Verkehrueberlastung mit unregelmaessigem Betrieb zu rechnen.,05.11.15 17:50,05.11.15 18:50,Köniz Schliern - Ostermundigen Rüti
Betriebsstoerung,1100,Freitag,41,low,2015,11,06.11.15,7,Betriebsstoerung,Stoerung,Auf den Linien 7 8 und 9 ist infolge einer Betriebsstoerung mit Verspaetungen und unregelmaessigem Betrieb zu rechnen.,06.11.15 06:20,06.11.15 07:01,Bümpliz - Ostring
Betriebsstoerung,1101,Freitag,41,low,2015,11,06.11.15,8,Betriebsstoerung,Stoerung,Auf den Linien 7 8 und 9 ist infolge einer Betriebsstoerung mit Verspaetungen und unregelmaessigem Betrieb zu rechnen.,06.11.15 06:20,06.11.15 07:01,Brünnen Westside Bahnhof - Saali
Betriebsstoerung,1102,Freitag,41,low,2015,11,06.11.15,9,Betriebsstoerung,Stoerung,Auf den Linien 7 8 und 9 ist infolge einer Betriebsstoerung mit Verspaetungen und unregelmaessigem Betrieb zu rechnen.,06.11.15 06:20,06.11.15 07:01,Wabern - Wankdorf Bahnhof
Betriebsstoerung,1103,Freitag,41,low,2015,11,06.11.15,8,Betriebsstoerung,Stoerung,Auf den Linien 7 8 und 9 ist infolge einer Betriebsstoerung mit Verspaetungen und unregelmaessigem Betrieb zu rechnen.,06.11.15 06:20,06.11.15 07:01,Brünnen Westside Bahnhof - Saali
Verkehrsunfall,1104,Freitag,57,low,2015,11,06.11.15,10,Verkehrsunfall,Stoerung,Auf der Linie 10 ist infolge eines Verkehrsunfalls mit Verspaetungen und unregelmaessigem Betrieb zu rechnen.,06.11.15 07:02,06.11.15 07:59,Köniz Schliern - Ostermundigen Rüti
Verkehrsunfall,1105,Freitag,42,low,2015,11,06.11.15,9,Verkehrsunfall,Stoerung,Auf der Linie 9 ist infolge eines Verkehrsunfalls mit unregelmaessigem Betrieb zu rechnen.,06.11.15 09:50,06.11.15 10:31,Wabern - Wankdorf Bahnhof
Verkehrsunfall,1106,Freitag,26,verylow,2015,11,06.11.15,7,Verkehrsunfall,Stoerung,Auf der Linie 7 ist infolge eines Verkehrsunfalls mit unregelmaessigem Betrieb zu rechnen.,06.11.15 10:15,06.11.15 10:41,Bümpliz - Ostring
Verkehrsunfall,1107,Freitag,12,verylow,2015,11,06.11.15,7,Verkehrsunfall,Geplante Stoerung,06.11.2015 15:15 Uhr: Auf den Linien 7 und 8 ist infolge eines Verkehrsunfalls mit Verspaetungen und unregelmaessigem Betrieb zu rechnen. Dauer: ca. 30 Min.,06.11.15 15:18,06.11.15 15:30,Bümpliz - Ostring
Verkehrsunfall,1108,Freitag,12,verylow,2015,11,06.11.15,8,Verkehrsunfall,Geplante Stoerung,06.11.2015 15:15 Uhr: Auf den Linien 7 und 8 ist infolge eines Verkehrsunfalls mit Verspaetungen und unregelmaessigem Betrieb zu rechnen. Dauer: ca. 30 Min.,06.11.15 15:18,06.11.15 15:30,Brünnen Westside Bahnhof - Saali
Verkehrsunfall,1109,Freitag,48,low,2015,11,06.11.15,7,Verkehrsunfall,Geplante Stoerung,06.11.2015 15:24 Uhr: Auf der Linie 7 ist infolge eines Verkehrsunfalls auf der Strecke zwischen Bern Bahnhof und Buempliz mit Verspaetungen und Kursausfaellen zu rechnen. Dauer: ca. 30 Min.,06.11.15 15:24,06.11.15 16:12,Bümpliz - Ostring
Verkehrsunfall,1110,Freitag,53,low,2015,11,06.11.15,8,Verkehrsunfall,Geplante Stoerung,06.11.2015 15:27 Uhr: Auf der Linie 8 ist infolge eines Verkehrsunfalls auf der Strecke zwischen Bern Bahnhof und Bruennen Westside Bahnhof mit Verspaetungen und Kursausfaellen zu rechnen. Dauer: ca. 30 Min.,06.11.15 15:27,06.11.15 16:20,Brünnen Westside Bahnhof - Saali
Verkehrsunfall,1111,Freitag,53,low,2015,11,06.11.15,8,Verkehrsunfall,Geplante Stoerung,06.11.2015 15:27 Uhr: Auf der Linie 8 ist infolge eines Verkehrsunfalls auf der Strecke zwischen Bern Bahnhof und Bruennen Westside Bahnhof mit Verspaetungen und Kursausfaellen zu rechnen. Dauer: ca. 30 Min.,06.11.15 15:27,06.11.15 16:20,Brünnen Westside Bahnhof - Saali
Betriebsstoerung,1112,Sonntag,46,low,2015,11,08.11.15,7,Betriebsstoerung,Geplante Stoerung,08.11.2015 15:25 Uhr: Auf der Linie 7 ist infolge einer Betriebsstoerung mit Verspaetungen und unregelmaessigem Betrieb zu rechnen. Dauer: ca. 45 Min.,08.11.15 15:25,08.11.15 16:11,Bümpliz - Ostring
Kundgebung_oder_Veranstaltung,1113,Montag,1050,high,2015,11,23.11.15,6,Kundgebung oder Veranstaltung,Stoerung,Auf den Linien 6 7 8 9 und 12 ist infolge des Zibelemaerit die Strecke zwischen Bern Bahnhof und Zytglogge unterbrochen. Ausweichmoeglichkeiten Linien 10 und 19. Dauer: bis 23.11.2015 ca. 21:30 Uhr.,23.11.15 04:00,23.11.15 21:30,Fischermätteli - Worb Dorf
Kundgebung_oder_Veranstaltung,1114,Montag,1050,high,2015,11,23.11.15,7,Kundgebung oder Veranstaltung,Stoerung,Auf den Linien 6 7 8 9 und 12 ist infolge des Zibelemaerit die Strecke zwischen Bern Bahnhof und Zytglogge unterbrochen. Ausweichmoeglichkeiten Linien 10 und 19. Dauer: bis 23.11.2015 ca. 21:30 Uhr.,23.11.15 04:00,23.11.15 21:30,Bümpliz - Ostring
Kundgebung_oder_Veranstaltung,1115,Montag,1050,high,2015,11,23.11.15,8,Kundgebung oder Veranstaltung,Stoerung,Auf den Linien 6 7 8 9 und 12 ist infolge des Zibelemaerit die Strecke zwischen Bern Bahnhof und Zytglogge unterbrochen. Ausweichmoeglichkeiten Linien 10 und 19. Dauer: bis 23.11.2015 ca. 21:30 Uhr.,23.11.15 04:00,23.11.15 21:30,Brünnen Westside Bahnhof - Saali
Kundgebung_oder_Veranstaltung,1116,Montag,1050,high,2015,11,23.11.15,9,Kundgebung oder Veranstaltung,Stoerung,Auf den Linien 6 7 8 9 und 12 ist infolge des Zibelemaerit die Strecke zwischen Bern Bahnhof und Zytglogge unterbrochen. Ausweichmoeglichkeiten Linien 10 und 19. Dauer: bis 23.11.2015 ca. 21:30 Uhr.,23.11.15 04:00,23.11.15 21:30,Wabern - Wankdorf Bahnhof
Kundgebung_oder_Veranstaltung,1117,Montag,1050,high,2015,11,23.11.15,12,Kundgebung oder Veranstaltung,Stoerung,Auf den Linien 6 7 8 9 und 12 ist infolge des Zibelemaerit die Strecke zwischen Bern Bahnhof und Zytglogge unterbrochen. Ausweichmoeglichkeiten Linien 10 und 19. Dauer: bis 23.11.2015 ca. 21:30 Uhr.,23.11.15 04:00,23.11.15 21:30,Längasse - Zentrum Paul Klee
Kundgebung_oder_Veranstaltung,1118,Montag,1050,high,2015,11,23.11.15,12,Kundgebung oder Veranstaltung,Stoerung,Auf den Linien 6 7 8 9 und 12 ist infolge des Zibelemaerit die Strecke zwischen Bern Bahnhof und Zytglogge unterbrochen. Ausweichmoeglichkeiten Linien 10 und 19. Dauer: bis 23.11.2015 ca. 21:30 Uhr.,23.11.15 04:00,23.11.15 21:30,Längasse - Zentrum Paul Klee
Fahrzeugpanne,1119,Sonntag,86,low,2015,11,08.11.15,6,Fahrzeugpanne,Stoerung,Auf der Linie 6 ist infolge einer Fahrzeugpanne mit unregelmaessigem Betrieb zu rechnen. Bitte Ersatzbus beachten Dauer: bis 08.11.2015 ca. 20:56 Uhr.,08.11.15 19:30,08.11.15 20:56,Fischermätteli - Worb Dorf
Sonstige_Stoerungen,1120,Sonntag,2107,high,2015,12,13.12.15,11,Sonstige Stoerungen,Stoerung,Ab 13.12.: Die Linie 11 faehrt neu via Inselspital nach Holligen. Die Haltestellen befinden sich direkt vor dem Haupteingang des Bettenhochhauses bzw. dem Anna-Seiler-Haus. Die Strecke nach Gueterbahnhof wird von der PostAuto-Linie 101 bedient.,13.12.15 00:01,10.12.16 23:56,Holligen - Neufeld P+R
Sonstige_Stoerungen,1121,Sonntag,2107,high,2015,12,13.12.15,11,Sonstige Stoerungen,Stoerung,Ab 13.12.: Die Linie 11 faehrt neu via Inselspital nach Holligen. Die Haltestellen befinden sich direkt vor dem Haupteingang des Bettenhochhauses bzw. dem Anna-Seiler-Haus. Die Strecke nach Gueterbahnhof wird von der PostAuto-Linie 101 bedient.,13.12.15 00:01,10.12.16 23:56,Holligen - Neufeld P+R
Verkehrsueberlastung,1122,Mittwoch,60,low,2015,11,11.11.15,10,Verkehrsueberlastung,Stoerung,Auf der Linie 10 ist infolge Verkehrueberlastung mit unregelmaessigem Betrieb zu rechnen.,11.11.15 17:46,11.11.15 18:46,Köniz Schliern - Ostermundigen Rüti
Kundgebung_oder_Veranstaltung,1123,Sonntag,430,medium,2015,11,22.11.15,9,Kundgebung oder Veranstaltung,Stoerung,Auf der Linie 9 ist infolge einer Veranstaltung die Strecke zwischen Guisanplatz Expo und Wankdorf Bahnhof nicht bedient. Dauer: bis 22.11.2015 ca. 19:10 Uhr.,22.11.15 12:00,22.11.15 19:10,Wabern - Wankdorf Bahnhof
Kundgebung_oder_Veranstaltung,1124,Sonntag,420,medium,2015,11,22.11.15,20,Kundgebung oder Veranstaltung,Stoerung,Auf der Linie 20 ist infolge einer Veranstaltung die Strecke zwischen Wyler und Wankdorf Bahnhof nicht bedient. Dauer: bis 22.11.2015 ca. 19:00 Uhr.,22.11.15 12:00,22.11.15 19:00,Bern Bahnhof - Wankdorf Bahnhof
Kundgebung_oder_Veranstaltung,1125,Sonntag,420,medium,2015,11,22.11.15,20,Kundgebung oder Veranstaltung,Stoerung,Auf der Linie 20 ist infolge einer Veranstaltung die Strecke zwischen Wyler und Wankdorf Bahnhof nicht bedient. Dauer: bis 22.11.2015 ca. 19:00 Uhr.,22.11.15 12:00,22.11.15 19:00,Bern Bahnhof - Wankdorf Bahnhof
Sonstige_Stoerungen,1126,Montag,12,verylow,2015,11,16.11.15,3,Sonstige Stoerungen,Stoerung,"Die Stadt Bern und BERNMOBIL nehmen an der Schweigeminute fuer die Opfer von Paris teil. Besten Dank fuer ihren Respekt.
La ville de Berne et BERNMOBIL participent Ã la minute de silence pour les victimes de Paris. Merci de votre respect.",16.11.15 11:52,16.11.15 12:04,Bern Bahnhof - Weissenbühl
Sonstige_Stoerungen,1127,Montag,12,verylow,2015,11,16.11.15,6,Sonstige Stoerungen,Stoerung,"Die Stadt Bern und BERNMOBIL nehmen an der Schweigeminute fuer die Opfer von Paris teil. Besten Dank fuer ihren Respekt.
La ville de Berne et BERNMOBIL participent Ã la minute de silence pour les victimes de Paris. Merci de votre respect.",16.11.15 11:52,16.11.15 12:04,Fischermätteli - Worb Dorf
Sonstige_Stoerungen,1128,Montag,12,verylow,2015,11,16.11.15,7,Sonstige Stoerungen,Stoerung,"Die Stadt Bern und BERNMOBIL nehmen an der Schweigeminute fuer die Opfer von Paris teil. Besten Dank fuer ihren Respekt.
La ville de Berne et BERNMOBIL participent Ã la minute de silence pour les victimes de Paris. Merci de votre respect.",16.11.15 11:52,16.11.15 12:04,Bümpliz - Ostring
Sonstige_Stoerungen,1129,Montag,12,verylow,2015,11,16.11.15,8,Sonstige Stoerungen,Stoerung,"Die Stadt Bern und BERNMOBIL nehmen an der Schweigeminute fuer die Opfer von Paris teil. Besten Dank fuer ihren Respekt.
La ville de Berne et BERNMOBIL participent Ã la minute de silence pour les victimes de Paris. Merci de votre respect.",16.11.15 11:52,16.11.15 12:04,Brünnen Westside Bahnhof - Saali
Sonstige_Stoerungen,1130,Montag,12,verylow,2015,11,16.11.15,9,Sonstige Stoerungen,Stoerung,"Die Stadt Bern und BERNMOBIL nehmen an der Schweigeminute fuer die Opfer von Paris teil. Besten Dank fuer ihren Respekt.
La ville de Berne et BERNMOBIL participent Ã la minute de silence pour les victimes de Paris. Merci de votre respect.",16.11.15 11:52,16.11.15 12:04,Wabern - Wankdorf Bahnhof
Sonstige_Stoerungen,1131,Montag,12,verylow,2015,11,16.11.15,10,Sonstige Stoerungen,Stoerung,"Die Stadt Bern und BERNMOBIL nehmen an der Schweigeminute fuer die Opfer von Paris teil. Besten Dank fuer ihren Respekt.
La ville de Berne et BERNMOBIL participent Ã la minute de silence pour les victimes de Paris. Merci de votre respect.",16.11.15 11:52,16.11.15 12:04,Köniz Schliern - Ostermundigen Rüti
Sonstige_Stoerungen,1132,Montag,12,verylow,2015,11,16.11.15,11,Sonstige Stoerungen,Stoerung,"Die Stadt Bern und BERNMOBIL nehmen an der Schweigeminute fuer die Opfer von Paris teil. Besten Dank fuer ihren Respekt.
La ville de Berne et BERNMOBIL participent Ã la minute de silence pour les victimes de Paris. Merci de votre respect.",16.11.15 11:52,16.11.15 12:04,Holligen - Neufeld P+R
Sonstige_Stoerungen,1133,Montag,12,verylow,2015,11,16.11.15,12,Sonstige Stoerungen,Stoerung,"Die Stadt Bern und BERNMOBIL nehmen an der Schweigeminute fuer die Opfer von Paris teil. Besten Dank fuer ihren Respekt.
La ville de Berne et BERNMOBIL participent Ã la minute de silence pour les victimes de Paris. Merci de votre respect.",16.11.15 11:52,16.11.15 12:04,Längasse - Zentrum Paul Klee
Sonstige_Stoerungen,1134,Montag,12,verylow,2015,11,16.11.15,17,Sonstige Stoerungen,Stoerung,"Die Stadt Bern und BERNMOBIL nehmen an der Schweigeminute fuer die Opfer von Paris teil. Besten Dank fuer ihren Respekt.
La ville de Berne et BERNMOBIL participent Ã la minute de silence pour les victimes de Paris. Merci de votre respect.",16.11.15 11:52,16.11.15 12:04,Bern Bahnhof - Köniz Weiermatt
Sonstige_Stoerungen,1135,Montag,12,verylow,2015,11,16.11.15,19,Sonstige Stoerungen,Stoerung,"Die Stadt Bern und BERNMOBIL nehmen an der Schweigeminute fuer die Opfer von Paris teil. Besten Dank fuer ihren Respekt.
La ville de Berne et BERNMOBIL participent Ã la minute de silence pour les victimes de Paris. Merci de votre respect.",16.11.15 11:52,16.11.15 12:04,Blinzern - Elfenau
Sonstige_Stoerungen,1136,Montag,12,verylow,2015,11,16.11.15,20,Sonstige Stoerungen,Stoerung,"Die Stadt Bern und BERNMOBIL nehmen an der Schweigeminute fuer die Opfer von Paris teil. Besten Dank fuer ihren Respekt.
La ville de Berne et BERNMOBIL participent Ã la minute de silence pour les victimes de Paris. Merci de votre respect.",16.11.15 11:52,16.11.15 12:04,Bern Bahnhof - Wankdorf Bahnhof
Sonstige_Stoerungen,1137,Montag,12,verylow,2015,11,16.11.15,160,Sonstige Stoerungen,Stoerung,"Die Stadt Bern und BERNMOBIL nehmen an der Schweigeminute fuer die Opfer von Paris teil. Besten Dank fuer ihren Respekt.
La ville de Berne et BERNMOBIL participent Ã la minute de silence pour les victimes de Paris. Merci de votre respect.",16.11.15 11:52,16.11.15 12:04,Konolfingen - Belp
Sonstige_Stoerungen,1138,Montag,12,verylow,2015,11,16.11.15,11,Sonstige Stoerungen,Stoerung,"Die Stadt Bern und BERNMOBIL nehmen an der Schweigeminute fuer die Opfer von Paris teil. Besten Dank fuer ihren Respekt.
La ville de Berne et BERNMOBIL participent Ã la minute de silence pour les victimes de Paris. Merci de votre respect.",16.11.15 11:52,16.11.15 12:04,Holligen - Neufeld P+R
Sonstige_Stoerungen,1139,Montag,12,verylow,2015,11,16.11.15,12,Sonstige Stoerungen,Stoerung,"Die Stadt Bern und BERNMOBIL nehmen an der Schweigeminute fuer die Opfer von Paris teil. Besten Dank fuer ihren Respekt.
La ville de Berne et BERNMOBIL participent Ã la minute de silence pour les victimes de Paris. Merci de votre respect.",16.11.15 11:52,16.11.15 12:04,Längasse - Zentrum Paul Klee
Sonstige_Stoerungen,1140,Montag,12,verylow,2015,11,16.11.15,20,Sonstige Stoerungen,Stoerung,"Die Stadt Bern und BERNMOBIL nehmen an der Schweigeminute fuer die Opfer von Paris teil. Besten Dank fuer ihren Respekt.
La ville de Berne et BERNMOBIL participent Ã la minute de silence pour les victimes de Paris. Merci de votre respect.",16.11.15 11:52,16.11.15 12:04,Bern Bahnhof - Wankdorf Bahnhof
Verkehrsueberlastung,1141,Dienstag,55,low,2015,11,17.11.15,10,Verkehrsueberlastung,Geplante Stoerung,17.11.2015 17:47 Uhr: Auf der Linie 10 ist infolge Verkehrueberlastung mit Verspaetungen und unregelmaessigem Betrieb zu rechnen. Dauer: unbestimmt.,17.11.15 17:47,17.11.15 18:42,Köniz Schliern - Ostermundigen Rüti
Verkehrsueberlastung,1142,Mittwoch,58,low,2015,11,18.11.15,10,Verkehrsueberlastung,Stoerung,Auf der Linie 10 ist infolge Verkehrueberlastung mit unregelmaessigem Betrieb zu rechnen.,18.11.15 17:30,18.11.15 18:28,Köniz Schliern - Ostermundigen Rüti
Verkehrsueberlastung,1143,Mittwoch,60,low,2015,11,18.11.15,20,Verkehrsueberlastung,Stoerung,Auf der Linie 20 ist infolge Verkehrueberlastung mit unregelmaessigem Betrieb zu rechnen.,18.11.15 18:00,18.11.15 19:00,Bern Bahnhof - Wankdorf Bahnhof
Verkehrsueberlastung,1144,Mittwoch,60,low,2015,11,18.11.15,20,Verkehrsueberlastung,Stoerung,Auf der Linie 20 ist infolge Verkehrueberlastung mit unregelmaessigem Betrieb zu rechnen.,18.11.15 18:00,18.11.15 19:00,Bern Bahnhof - Wankdorf Bahnhof
Kundgebung_oder_Veranstaltung,1145,Freitag,38,low,2015,11,20.11.15,6,Kundgebung oder Veranstaltung,Geplante Stoerung,20.11.2015 19:05 Uhr: Kundgebung beendet. Auf den Linien 6 7 8 9 10 12 und 19 ist jedoch noch mit Verspaetungen und unregelmaessigem Betrieb zu rechnen. Dauer: ca. 20:00 Uhr,20.11.15 19:06,20.11.15 19:44,Fischermätteli - Worb Dorf
Kundgebung_oder_Veranstaltung,1146,Freitag,38,low,2015,11,20.11.15,7,Kundgebung oder Veranstaltung,Geplante Stoerung,20.11.2015 19:05 Uhr: Kundgebung beendet. Auf den Linien 6 7 8 9 10 12 und 19 ist jedoch noch mit Verspaetungen und unregelmaessigem Betrieb zu rechnen. Dauer: ca. 20:00 Uhr,20.11.15 19:06,20.11.15 19:44,Bümpliz - Ostring
Kundgebung_oder_Veranstaltung,1147,Freitag,38,low,2015,11,20.11.15,8,Kundgebung oder Veranstaltung,Geplante Stoerung,20.11.2015 19:05 Uhr: Kundgebung beendet. Auf den Linien 6 7 8 9 10 12 und 19 ist jedoch noch mit Verspaetungen und unregelmaessigem Betrieb zu rechnen. Dauer: ca. 20:00 Uhr,20.11.15 19:06,20.11.15 19:44,Brünnen Westside Bahnhof - Saali
Kundgebung_oder_Veranstaltung,1148,Freitag,38,low,2015,11,20.11.15,9,Kundgebung oder Veranstaltung,Geplante Stoerung,20.11.2015 19:05 Uhr: Kundgebung beendet. Auf den Linien 6 7 8 9 10 12 und 19 ist jedoch noch mit Verspaetungen und unregelmaessigem Betrieb zu rechnen. Dauer: ca. 20:00 Uhr,20.11.15 19:06,20.11.15 19:44,Wabern - Wankdorf Bahnhof
Kundgebung_oder_Veranstaltung,1149,Freitag,38,low,2015,11,20.11.15,12,Kundgebung oder Veranstaltung,Geplante Stoerung,20.11.2015 19:05 Uhr: Kundgebung beendet. Auf den Linien 6 7 8 9 10 12 und 19 ist jedoch noch mit Verspaetungen und unregelmaessigem Betrieb zu rechnen. Dauer: ca. 20:00 Uhr,20.11.15 19:06,20.11.15 19:44,Längasse - Zentrum Paul Klee
Kundgebung_oder_Veranstaltung,1150,Freitag,38,low,2015,11,20.11.15,12,Kundgebung oder Veranstaltung,Geplante Stoerung,20.11.2015 19:05 Uhr: Kundgebung beendet. Auf den Linien 6 7 8 9 10 12 und 19 ist jedoch noch mit Verspaetungen und unregelmaessigem Betrieb zu rechnen. Dauer: ca. 20:00 Uhr,20.11.15 19:06,20.11.15 19:44,Längasse - Zentrum Paul Klee
Kundgebung_oder_Veranstaltung,1151,Freitag,38,low,2015,11,20.11.15,10,Kundgebung oder Veranstaltung,Geplante Stoerung,20.11.2015 19:05 Uhr: Kundgebung beendet. Auf den Linien 6 7 8 9 10 12 und 19 ist jedoch noch mit Verspaetungen und unregelmaessigem Betrieb zu rechnen. Dauer: ca. 20:00 Uhr,20.11.15 19:06,20.11.15 19:44,Köniz Schliern - Ostermundigen Rüti
Kundgebung_oder_Veranstaltung,1152,Freitag,38,low,2015,11,20.11.15,19,Kundgebung oder Veranstaltung,Geplante Stoerung,20.11.2015 19:05 Uhr: Kundgebung beendet. Auf den Linien 6 7 8 9 10 12 und 19 ist jedoch noch mit Verspaetungen und unregelmaessigem Betrieb zu rechnen. Dauer: ca. 20:00 Uhr,20.11.15 19:06,20.11.15 19:44,Blinzern - Elfenau
Kundgebung_oder_Veranstaltung,1153,Freitag,39,low,2015,11,20.11.15,10,Kundgebung oder Veranstaltung,Geplante Stoerung,20.11.2015 19:06 Uhr: Auf den Linien 10 und 19 ist infolge einer Kundgebung mit Verspaetungen und unregelmaessigem Betrieb zu rechnen. Dauer: unbestimmt.,20.11.15 19:06,20.11.15 19:45,Köniz Schliern - Ostermundigen Rüti
Kundgebung_oder_Veranstaltung,1154,Freitag,39,low,2015,11,20.11.15,19,Kundgebung oder Veranstaltung,Geplante Stoerung,20.11.2015 19:06 Uhr: Auf den Linien 10 und 19 ist infolge einer Kundgebung mit Verspaetungen und unregelmaessigem Betrieb zu rechnen. Dauer: unbestimmt.,20.11.15 19:06,20.11.15 19:45,Blinzern - Elfenau
Kundgebung_oder_Veranstaltung,1155,Samstag,505,medium,2015,11,28.11.15,9,Kundgebung oder Veranstaltung,Stoerung,Die Linie 9 faehrt ab 17:40h infolge einer Veranstaltung bis/ab Guisanplatz. Die Strecke Guisanplatz-Wankdorf wird bis 23:55h nicht bedient.,28.11.15 15:30,28.11.15 23:55,Wabern - Wankdorf Bahnhof
Kundgebung_oder_Veranstaltung,1156,Samstag,505,medium,2015,11,28.11.15,20,Kundgebung oder Veranstaltung,Stoerung,Die Linie 20 faehrt ab 17:30h bis 23:55h infolge einer Veranstaltung bis/ab Wyler. Wankdorf/Bahnhof wird bis 23:55h nicht bedient.,28.11.15 15:30,28.11.15 23:55,Bern Bahnhof - Wankdorf Bahnhof
Kundgebung_oder_Veranstaltung,1157,Samstag,505,medium,2015,11,28.11.15,20,Kundgebung oder Veranstaltung,Stoerung,Die Linie 20 faehrt ab 17:30h bis 23:55h infolge einer Veranstaltung bis/ab Wyler. Wankdorf/Bahnhof wird bis 23:55h nicht bedient.,28.11.15 15:30,28.11.15 23:55,Bern Bahnhof - Wankdorf Bahnhof
Ersatzfahrten_und_Kursausfaelle,1158,Sonntag,1115,high,2015,12,13.12.15,160,Ersatzfahrten und Kursausfaelle,Stoerung,Ab 14.12.: Von Montag bis Freitag um ca. 16.30 und 17.30 Uhr faehrt nur die BLS-Linie S1 Richtung Thun bzw. Bern/Freiburg die Strecke zwischen Rubigen Bahnhof und Muensingen Bahnhof. Die Haltestellen Rubigen Thunstrasse Sued Muensingen Schwand Friedhof und Ochsen werden in dieser Zeit nicht bedient.,13.12.15 00:01,22.12.15 15:00,Konolfingen - Belp
Verkehrsunfall,1159,Montag,24,verylow,2015,11,23.11.15,9,Verkehrsunfall,Geplante Stoerung,23.11.2015 17:16 Uhr: Auf der Linie 9 ist infolge eines Verkehrsunfalls die Strecke zwischen Wankdorf Bahnhof und Guisanplatz Expo nicht bedient. Reisende nach Bern Bhf bitte die Linie 20 ab Wankdorf Bhf benuetzen.,23.11.15 17:23,23.11.15 17:46,Wabern - Wankdorf Bahnhof
Verkehrsueberlastung,1160,Montag,86,low,2015,11,23.11.15,12,Verkehrsueberlastung,Geplante Stoerung,23.11.2015 17:42 Uhr: Auf der Linie 12 ist infolge Verkehrueberlastung mit Verspaetungen und unregelmaessigem Betrieb zu rechnen. Dauer: unbestimmt.,23.11.15 17:42,23.11.15 19:08,Längasse - Zentrum Paul Klee
Verkehrsueberlastung,1161,Montag,86,low,2015,11,23.11.15,12,Verkehrsueberlastung,Geplante Stoerung,23.11.2015 17:42 Uhr: Auf der Linie 12 ist infolge Verkehrueberlastung mit Verspaetungen und unregelmaessigem Betrieb zu rechnen. Dauer: unbestimmt.,23.11.15 17:42,23.11.15 19:08,Längasse - Zentrum Paul Klee
Verkehrsbehinderung,1162,Dienstag,7,verylow,2015,11,24.11.15,3,Verkehrsbehinderung,Stoerung,Auf der Linie 3 ist infolge falsch parkierter Autos mit unregelmaessigem Betrieb zu rechnen.,24.11.15 10:08,24.11.15 10:15,Bern Bahnhof - Weissenbühl
Fahrzeugpanne,1163,Dienstag,59,low,2015,11,24.11.15,6,Fahrzeugpanne,Stoerung,Auf den Linien 6 7 8 9 und 12 ist infolge einer Fahrzeugpanne mit unregelmaessigem Betrieb zu rechnen.,24.11.15 11:18,24.11.15 12:17,Fischermätteli - Worb Dorf
Fahrzeugpanne,1164,Dienstag,59,low,2015,11,24.11.15,7,Fahrzeugpanne,Stoerung,Auf den Linien 6 7 8 9 und 12 ist infolge einer Fahrzeugpanne mit unregelmaessigem Betrieb zu rechnen.,24.11.15 11:18,24.11.15 12:17,Bümpliz - Ostring
Fahrzeugpanne,1165,Dienstag,59,low,2015,11,24.11.15,8,Fahrzeugpanne,Stoerung,Auf den Linien 6 7 8 9 und 12 ist infolge einer Fahrzeugpanne mit unregelmaessigem Betrieb zu rechnen.,24.11.15 11:18,24.11.15 12:17,Brünnen Westside Bahnhof - Saali
Fahrzeugpanne,1166,Dienstag,59,low,2015,11,24.11.15,9,Fahrzeugpanne,Stoerung,Auf den Linien 6 7 8 9 und 12 ist infolge einer Fahrzeugpanne mit unregelmaessigem Betrieb zu rechnen.,24.11.15 11:18,24.11.15 12:17,Wabern - Wankdorf Bahnhof
Fahrzeugpanne,1167,Dienstag,59,low,2015,11,24.11.15,12,Fahrzeugpanne,Stoerung,Auf den Linien 6 7 8 9 und 12 ist infolge einer Fahrzeugpanne mit unregelmaessigem Betrieb zu rechnen.,24.11.15 11:18,24.11.15 12:17,Längasse - Zentrum Paul Klee
Fahrzeugpanne,1168,Dienstag,59,low,2015,11,24.11.15,12,Fahrzeugpanne,Stoerung,Auf den Linien 6 7 8 9 und 12 ist infolge einer Fahrzeugpanne mit unregelmaessigem Betrieb zu rechnen.,24.11.15 11:18,24.11.15 12:17,Längasse - Zentrum Paul Klee
Kundgebung_oder_Veranstaltung,1169,Mittwoch,155,medium,2015,11,25.11.15,10,Kundgebung oder Veranstaltung,Stoerung,Die Linien 10 und 19 werden infolge der Lichtshow auf dem Bundesplatz stadteinwaerts durch die Spital-/Marktgasse umgeleitet. Dauer bis 21:15 Uhr.,25.11.15 18:40,25.11.15 21:15,Köniz Schliern - Ostermundigen Rüti
Kundgebung_oder_Veranstaltung,1170,Mittwoch,155,medium,2015,11,25.11.15,19,Kundgebung oder Veranstaltung,Stoerung,Die Linien 10 und 19 werden infolge der Lichtshow auf dem Bundesplatz stadteinwaerts durch die Spital-/Marktgasse umgeleitet. Dauer bis 21:15 Uhr.,25.11.15 18:40,25.11.15 21:15,Blinzern - Elfenau
Kundgebung_oder_Veranstaltung,1171,Donnerstag,155,medium,2015,11,26.11.15,10,Kundgebung oder Veranstaltung,Stoerung,Die Linien 10 und 19 werden infolge der Lichtshow auf dem Bundesplatz stadteinwaerts durch die Spital-/Marktgasse umgeleitet. Dauer bis 21:15 Uhr.,26.11.15 18:40,26.11.15 21:15,Köniz Schliern - Ostermundigen Rüti
Kundgebung_oder_Veranstaltung,1172,Donnerstag,155,medium,2015,11,26.11.15,19,Kundgebung oder Veranstaltung,Stoerung,Die Linien 10 und 19 werden infolge der Lichtshow auf dem Bundesplatz stadteinwaerts durch die Spital-/Marktgasse umgeleitet. Dauer bis 21:15 Uhr.,26.11.15 18:40,26.11.15 21:15,Blinzern - Elfenau
Unregelmaessiger_Betrieb_und_Umleitungen,1173,Mittwoch,26,verylow,2015,11,25.11.15,11,Unregelmaessiger Betrieb und Umleitungen,Stoerung,Auf den Linien 11 20 und 21 ist infolge einer Bombendrohung mit unregelmaessigen Abfahrtszeiten zu rechnen.,25.11.15 17:25,25.11.15 17:50,Holligen - Neufeld P+R
Unregelmaessiger_Betrieb_und_Umleitungen,1174,Mittwoch,26,verylow,2015,11,25.11.15,20,Unregelmaessiger Betrieb und Umleitungen,Stoerung,Auf den Linien 11 20 und 21 ist infolge einer Bombendrohung mit unregelmaessigen Abfahrtszeiten zu rechnen.,25.11.15 17:25,25.11.15 17:50,Bern Bahnhof - Wankdorf Bahnhof
Unregelmaessiger_Betrieb_und_Umleitungen,1175,Mittwoch,26,verylow,2015,11,25.11.15,11,Unregelmaessiger Betrieb und Umleitungen,Stoerung,Auf den Linien 11 20 und 21 ist infolge einer Bombendrohung mit unregelmaessigen Abfahrtszeiten zu rechnen.,25.11.15 17:25,25.11.15 17:50,Holligen - Neufeld P+R
Unregelmaessiger_Betrieb_und_Umleitungen,1176,Mittwoch,26,verylow,2015,11,25.11.15,20,Unregelmaessiger Betrieb und Umleitungen,Stoerung,Auf den Linien 11 20 und 21 ist infolge einer Bombendrohung mit unregelmaessigen Abfahrtszeiten zu rechnen.,25.11.15 17:25,25.11.15 17:50,Bern Bahnhof - Wankdorf Bahnhof
Unregelmaessiger_Betrieb_und_Umleitungen,1177,Mittwoch,142,medium,2015,11,25.11.15,20,Unregelmaessiger Betrieb und Umleitungen,Stoerung,Die Linie 20 kann wieder bis Bern Bahnhof fahren es muss noch mit unregelmaessigen Abfahrtszeiten gerechnet werden.,25.11.15 17:50,25.11.15 20:11,Bern Bahnhof - Wankdorf Bahnhof
Unregelmaessiger_Betrieb_und_Umleitungen,1178,Mittwoch,142,medium,2015,11,25.11.15,20,Unregelmaessiger Betrieb und Umleitungen,Stoerung,Die Linie 20 kann wieder bis Bern Bahnhof fahren es muss noch mit unregelmaessigen Abfahrtszeiten gerechnet werden.,25.11.15 17:50,25.11.15 20:11,Bern Bahnhof - Wankdorf Bahnhof
Unregelmaessiger_Betrieb_und_Umleitungen,1179,Mittwoch,135,medium,2015,11,25.11.15,11,Unregelmaessiger Betrieb und Umleitungen,Stoerung,Die Linie 11 kann wieder durchgehend gefahren werden es muss noch mit unregelmaessigen Abfahrtszeiten gerechnet werden.,25.11.15 17:57,25.11.15 20:12,Holligen - Neufeld P+R
Unregelmaessiger_Betrieb_und_Umleitungen,1180,Mittwoch,135,medium,2015,11,25.11.15,11,Unregelmaessiger Betrieb und Umleitungen,Stoerung,Die Linie 11 kann wieder durchgehend gefahren werden es muss noch mit unregelmaessigen Abfahrtszeiten gerechnet werden.,25.11.15 17:57,25.11.15 20:12,Holligen - Neufeld P+R
Fahrzeugpanne,1181,Donnerstag,39,low,2015,11,26.11.15,7,Fahrzeugpanne,Stoerung,Auf der Linie 7 faellt infolge einer Fahrzeugpanne der Kurs um 16:58 Uhr ab Ostring Richtung Bern Bahnhof aus. Die naechste Abfahrt erfolgt um 17:04 Uhr.  ,26.11.15 16:30,26.11.15 17:09,Bümpliz - Ostring
Kundgebung_oder_Veranstaltung,1182,Freitag,222,medium,2015,11,27.11.15,12,Kundgebung oder Veranstaltung,Geplante Stoerung,27.11.2015 12:09 Uhr: Kundgebung beendet: Jedoch auf der Linie 12 ist mit Verspaetungen und unregelmaessigem Betrieb zu rechnen. Dauer: ca. 2h.,27.11.15 10:09,27.11.15 13:50,Längasse - Zentrum Paul Klee
Kundgebung_oder_Veranstaltung,1183,Freitag,222,medium,2015,11,27.11.15,12,Kundgebung oder Veranstaltung,Geplante Stoerung,27.11.2015 12:09 Uhr: Kundgebung beendet: Jedoch auf der Linie 12 ist mit Verspaetungen und unregelmaessigem Betrieb zu rechnen. Dauer: ca. 2h.,27.11.15 10:09,27.11.15 13:50,Längasse - Zentrum Paul Klee
Kundgebung_oder_Veranstaltung,1184,Freitag,135,medium,2015,11,27.11.15,6,Kundgebung oder Veranstaltung,Geplante Stoerung,27.11.2015 12:15 Uhr: Kundgebung beendet: Jedoch auf dem Netz Bernmobil ist mit Verspaetungen und unregelmaessigem Betrieb zu rechnen. Dauer: ca. 2h.,27.11.15 11:07,27.11.15 13:22,Fischermätteli - Worb Dorf
Kundgebung_oder_Veranstaltung,1185,Freitag,135,medium,2015,11,27.11.15,7,Kundgebung oder Veranstaltung,Geplante Stoerung,27.11.2015 12:15 Uhr: Kundgebung beendet: Jedoch auf dem Netz Bernmobil ist mit Verspaetungen und unregelmaessigem Betrieb zu rechnen. Dauer: ca. 2h.,27.11.15 11:07,27.11.15 13:22,Bümpliz - Ostring
Kundgebung_oder_Veranstaltung,1186,Freitag,135,medium,2015,11,27.11.15,8,Kundgebung oder Veranstaltung,Geplante Stoerung,27.11.2015 12:15 Uhr: Kundgebung beendet: Jedoch auf dem Netz Bernmobil ist mit Verspaetungen und unregelmaessigem Betrieb zu rechnen. Dauer: ca. 2h.,27.11.15 11:07,27.11.15 13:22,Brünnen Westside Bahnhof - Saali
Kundgebung_oder_Veranstaltung,1187,Freitag,135,medium,2015,11,27.11.15,9,Kundgebung oder Veranstaltung,Geplante Stoerung,27.11.2015 12:15 Uhr: Kundgebung beendet: Jedoch auf dem Netz Bernmobil ist mit Verspaetungen und unregelmaessigem Betrieb zu rechnen. Dauer: ca. 2h.,27.11.15 11:07,27.11.15 13:22,Wabern - Wankdorf Bahnhof
Kundgebung_oder_Veranstaltung,1188,Freitag,135,medium,2015,11,27.11.15,10,Kundgebung oder Veranstaltung,Geplante Stoerung,27.11.2015 12:15 Uhr: Kundgebung beendet: Jedoch auf dem Netz Bernmobil ist mit Verspaetungen und unregelmaessigem Betrieb zu rechnen. Dauer: ca. 2h.,27.11.15 11:07,27.11.15 13:22,Köniz Schliern - Ostermundigen Rüti
Kundgebung_oder_Veranstaltung,1189,Freitag,135,medium,2015,11,27.11.15,19,Kundgebung oder Veranstaltung,Geplante Stoerung,27.11.2015 12:15 Uhr: Kundgebung beendet: Jedoch auf dem Netz Bernmobil ist mit Verspaetungen und unregelmaessigem Betrieb zu rechnen. Dauer: ca. 2h.,27.11.15 11:07,27.11.15 13:22,Blinzern - Elfenau
Kundgebung_oder_Veranstaltung,1190,Freitag,118,low,2015,11,27.11.15,19,Kundgebung oder Veranstaltung,Geplante Stoerung,27.11.2015 10:48 Uhr: Auf der Linie 19 ist infolge einer Kundgebung die Strecke zwischen Zytglogge und Bern Bahnhof via Marktgasse/- Spitalgasse umgeleitet. Dauer: unbestimmt.  ,27.11.15 10:49,27.11.15 12:47,Blinzern - Elfenau
Kundgebung_oder_Veranstaltung,1191,Freitag,125,medium,2015,11,27.11.15,10,Kundgebung oder Veranstaltung,Geplante Stoerung,27.11.2015 10:42 Uhr: Auf der Linie 10 ist infolge einer Kundgebung die Strecke zwischen Zytglogge und Bern Bahnhof via Marktgasse/- Spitalgasse umgeleitet. Dauer: unbestimmt.  ,27.11.15 10:42,27.11.15 12:47,Köniz Schliern - Ostermundigen Rüti
Kundgebung_oder_Veranstaltung,1192,Freitag,13,verylow,2015,11,27.11.15,10,Kundgebung oder Veranstaltung,Geplante Stoerung,27.11.2015 18:53 Uhr: Auf den Linien 10 und 19 ist infolge einer Kundgebung die Strecke zwischen Bern Bahnhof und Zytglogge via Marktgasse umgeleitet. Dauer: unbestimmt.  ,27.11.15 18:54,27.11.15 19:06,Köniz Schliern - Ostermundigen Rüti
Kundgebung_oder_Veranstaltung,1193,Freitag,13,verylow,2015,11,27.11.15,19,Kundgebung oder Veranstaltung,Geplante Stoerung,27.11.2015 18:53 Uhr: Auf den Linien 10 und 19 ist infolge einer Kundgebung die Strecke zwischen Bern Bahnhof und Zytglogge via Marktgasse umgeleitet. Dauer: unbestimmt.  ,27.11.15 18:54,27.11.15 19:06,Blinzern - Elfenau
Kundgebung_oder_Veranstaltung,1194,Freitag,614,medium,2015,11,27.11.15,6,Kundgebung oder Veranstaltung,Geplante Stoerung,27.11.2015 19:06 Uhr: Auf den Linien 6 7 8 9 und 12 ist infolge einer Kundgebung mit Verspaetungen und unregelmaessigem Betrieb zu rechnen. Dauer: unbestimmt.,27.11.15 19:06,28.11.15 05:20,Fischermätteli - Worb Dorf
Kundgebung_oder_Veranstaltung,1195,Freitag,614,medium,2015,11,27.11.15,7,Kundgebung oder Veranstaltung,Geplante Stoerung,27.11.2015 19:06 Uhr: Auf den Linien 6 7 8 9 und 12 ist infolge einer Kundgebung mit Verspaetungen und unregelmaessigem Betrieb zu rechnen. Dauer: unbestimmt.,27.11.15 19:06,28.11.15 05:20,Bümpliz - Ostring
Kundgebung_oder_Veranstaltung,1196,Freitag,614,medium,2015,11,27.11.15,8,Kundgebung oder Veranstaltung,Geplante Stoerung,27.11.2015 19:06 Uhr: Auf den Linien 6 7 8 9 und 12 ist infolge einer Kundgebung mit Verspaetungen und unregelmaessigem Betrieb zu rechnen. Dauer: unbestimmt.,27.11.15 19:06,28.11.15 05:20,Brünnen Westside Bahnhof - Saali
Kundgebung_oder_Veranstaltung,1197,Freitag,614,medium,2015,11,27.11.15,9,Kundgebung oder Veranstaltung,Geplante Stoerung,27.11.2015 19:06 Uhr: Auf den Linien 6 7 8 9 und 12 ist infolge einer Kundgebung mit Verspaetungen und unregelmaessigem Betrieb zu rechnen. Dauer: unbestimmt.,27.11.15 19:06,28.11.15 05:20,Wabern - Wankdorf Bahnhof
Kundgebung_oder_Veranstaltung,1198,Freitag,614,medium,2015,11,27.11.15,12,Kundgebung oder Veranstaltung,Geplante Stoerung,27.11.2015 19:06 Uhr: Auf den Linien 6 7 8 9 und 12 ist infolge einer Kundgebung mit Verspaetungen und unregelmaessigem Betrieb zu rechnen. Dauer: unbestimmt.,27.11.15 19:06,28.11.15 05:20,Längasse - Zentrum Paul Klee
Kundgebung_oder_Veranstaltung,1199,Freitag,614,medium,2015,11,27.11.15,12,Kundgebung oder Veranstaltung,Geplante Stoerung,27.11.2015 19:06 Uhr: Auf den Linien 6 7 8 9 und 12 ist infolge einer Kundgebung mit Verspaetungen und unregelmaessigem Betrieb zu rechnen. Dauer: unbestimmt.,27.11.15 19:06,28.11.15 05:20,Längasse - Zentrum Paul Klee
Kundgebung_oder_Veranstaltung,1200,Donnerstag,115,low,2015,12,03.12.15,11,Kundgebung oder Veranstaltung,Stoerung,Auf der Linie 11 ist infolge einer Veranstaltung die Strecke zwischen Hirschengraben und Bollwerk via Tramperron A und D umgeleitet. Dauer: bis 03.12.2015 ca. 20:30 Uhr.,03.12.15 18:35,03.12.15 20:30,Holligen - Neufeld P+R
Kundgebung_oder_Veranstaltung,1201,Donnerstag,115,low,2015,12,03.12.15,11,Kundgebung oder Veranstaltung,Stoerung,Auf der Linie 11 ist infolge einer Veranstaltung die Strecke zwischen Hirschengraben und Bollwerk via Tramperron A und D umgeleitet. Dauer: bis 03.12.2015 ca. 20:30 Uhr.,03.12.15 18:35,03.12.15 20:30,Holligen - Neufeld P+R
Verkehrsueberlastung,1202,Montag,75,low,2015,11,30.11.15,20,Verkehrsueberlastung,Geplante Stoerung,30.11.2015 17:40 Uhr: Auf der Linie 20 ist infolge Verkehrueberlastung mit Verspaetungen und unregelmaessigem Betrieb zu rechnen. Dauer: unbestimmt.,30.11.15 17:40,30.11.15 18:55,Bern Bahnhof - Wankdorf Bahnhof
Verkehrsueberlastung,1203,Montag,75,low,2015,11,30.11.15,20,Verkehrsueberlastung,Geplante Stoerung,30.11.2015 17:40 Uhr: Auf der Linie 20 ist infolge Verkehrueberlastung mit Verspaetungen und unregelmaessigem Betrieb zu rechnen. Dauer: unbestimmt.,30.11.15 17:40,30.11.15 18:55,Bern Bahnhof - Wankdorf Bahnhof
Verkehrsueberlastung,1204,Dienstag,41,low,2015,12,01.12.15,160,Verkehrsueberlastung,Geplante Stoerung,01.12.2015 17:30 Uhr: Auf der Linie 160 ist infolge Verkehrueberlastung mit Verspaetungen und unregelmaessigem Betrieb zu rechnen.,01.12.15 17:30,01.12.15 18:11,Konolfingen - Belp
Verkehrsueberlastung,1205,Mittwoch,44,low,2015,12,02.12.15,11,Verkehrsueberlastung,Geplante Stoerung,02.12.2015 16:43 Uhr: Auf den Linien 11 20 und 21 ist infolge Verkehrueberlastung mit Verspaetungen und unregelmaessigem Betrieb zu rechnen. Dauer: unbestimmt.,02.12.15 16:44,02.12.15 17:27,Holligen - Neufeld P+R
Verkehrsueberlastung,1206,Mittwoch,44,low,2015,12,02.12.15,20,Verkehrsueberlastung,Geplante Stoerung,02.12.2015 16:43 Uhr: Auf den Linien 11 20 und 21 ist infolge Verkehrueberlastung mit Verspaetungen und unregelmaessigem Betrieb zu rechnen. Dauer: unbestimmt.,02.12.15 16:44,02.12.15 17:27,Bern Bahnhof - Wankdorf Bahnhof
Verkehrsueberlastung,1207,Mittwoch,44,low,2015,12,02.12.15,11,Verkehrsueberlastung,Geplante Stoerung,02.12.2015 16:43 Uhr: Auf den Linien 11 20 und 21 ist infolge Verkehrueberlastung mit Verspaetungen und unregelmaessigem Betrieb zu rechnen. Dauer: unbestimmt.,02.12.15 16:44,02.12.15 17:27,Holligen - Neufeld P+R
Verkehrsueberlastung,1208,Mittwoch,44,low,2015,12,02.12.15,20,Verkehrsueberlastung,Geplante Stoerung,02.12.2015 16:43 Uhr: Auf den Linien 11 20 und 21 ist infolge Verkehrueberlastung mit Verspaetungen und unregelmaessigem Betrieb zu rechnen. Dauer: unbestimmt.,02.12.15 16:44,02.12.15 17:27,Bern Bahnhof - Wankdorf Bahnhof
Verkehrsueberlastung,1209,Mittwoch,22,verylow,2015,12,02.12.15,17,Verkehrsueberlastung,Geplante Stoerung,02.12.2015 17:04 Uhr: Auf der Linie 17 ist infolge Verkehrueberlastung mit Verspaetungen und unregelmaessigem Betrieb zu rechnen. Dauer: unbestimmt.,02.12.15 17:05,02.12.15 17:27,Bern Bahnhof - Köniz Weiermatt
Verkehrsueberlastung,1210,Mittwoch,19,verylow,2015,12,02.12.15,10,Verkehrsueberlastung,Geplante Stoerung,02.12.2015 17:08 Uhr: Auf der Linie 10 ist infolge Verkehrueberlastung mit Verspaetungen und unregelmaessigem Betrieb zu rechnen. Dauer: unbestimmt.,02.12.15 17:08,02.12.15 17:27,Köniz Schliern - Ostermundigen Rüti
Verkehrsueberlastung,1211,Dienstag,92,low,2015,12,08.12.15,10,Verkehrsueberlastung,Geplante Stoerung,08.12.2015 17:32 Uhr: Auf der Linie 10 ist infolge Verkehrueberlastung mit Verspaetungen und unregelmaessigem Betrieb zu rechnen. Dauer: unbestimmt.,08.12.15 17:32,08.12.15 19:03,Köniz Schliern - Ostermundigen Rüti
Verkehrsueberlastung,1212,Dienstag,45,low,2015,12,08.12.15,9,Verkehrsueberlastung,Geplante Stoerung,08.12.2015 18:14 Uhr: Auf den Linien 9 und 20 ist infolge Verkehrueberlastung mit Verspaetungen und unregelmaessigem Betrieb zu rechnen. Dauer: unbestimmt.,08.12.15 18:14,08.12.15 18:58,Wabern - Wankdorf Bahnhof
Verkehrsueberlastung,1213,Dienstag,45,low,2015,12,08.12.15,20,Verkehrsueberlastung,Geplante Stoerung,08.12.2015 18:14 Uhr: Auf den Linien 9 und 20 ist infolge Verkehrueberlastung mit Verspaetungen und unregelmaessigem Betrieb zu rechnen. Dauer: unbestimmt.,08.12.15 18:14,08.12.15 18:58,Bern Bahnhof - Wankdorf Bahnhof
Verkehrsueberlastung,1214,Dienstag,45,low,2015,12,08.12.15,20,Verkehrsueberlastung,Geplante Stoerung,08.12.2015 18:14 Uhr: Auf den Linien 9 und 20 ist infolge Verkehrueberlastung mit Verspaetungen und unregelmaessigem Betrieb zu rechnen. Dauer: unbestimmt.,08.12.15 18:14,08.12.15 18:58,Bern Bahnhof - Wankdorf Bahnhof
Verkehrsueberlastung,1215,Mittwoch,92,low,2015,12,09.12.15,10,Verkehrsueberlastung,Stoerung,Auf der Linie 10 ist infolge Verkehrueberlastung mit Verspaetungen und unregelmaessigem Betrieb zu rechnen. Dauer: bis 09.12.2015 ca. 19:00 Uhr.,09.12.15 17:28,09.12.15 19:00,Köniz Schliern - Ostermundigen Rüti
Bauarbeiten,1216,Freitag,220,medium,2015,12,11.12.15,10,Bauarbeiten,Stoerung,Die Linien 10 und 19 werden infolge Bauarbeiten in der Schauplatzgasse stadteinwaerts durch die Spital-/Marktgasse umgeleitet. Dauer: bis 11.12.2015 12:00 Uhr.,11.12.15 08:20,11.12.15 12:00,Köniz Schliern - Ostermundigen Rüti
Bauarbeiten,1217,Freitag,220,medium,2015,12,11.12.15,19,Bauarbeiten,Stoerung,Die Linien 10 und 19 werden infolge Bauarbeiten in der Schauplatzgasse stadteinwaerts durch die Spital-/Marktgasse umgeleitet. Dauer: bis 11.12.2015 12:00 Uhr.,11.12.15 08:20,11.12.15 12:00,Blinzern - Elfenau
Verkehrsunfall,1218,Freitag,110,low,2015,12,11.12.15,7,Verkehrsunfall,Stoerung,Infolge eines Verkehrsunfalls muss auf den Linien 6 7 und 8 mit grossen Verspaetungen gerechnet werden.,11.12.15 16:34,11.12.15 18:24,Bümpliz - Ostring
Verkehrsunfall,1219,Freitag,110,low,2015,12,11.12.15,8,Verkehrsunfall,Stoerung,Infolge eines Verkehrsunfalls muss auf den Linien 6 7 und 8 mit grossen Verspaetungen gerechnet werden.,11.12.15 16:34,11.12.15 18:24,Brünnen Westside Bahnhof - Saali
Fahrzeugpanne,1220,Dienstag,65,low,2015,12,15.12.15,8,Fahrzeugpanne,Stoerung,Auf den Linien 6 7 8 und 9 ist infolge einer Fahrzeugpanne mit unregelmaessigem Betrieb zu rechnen. Dauer: bis 15.12.2015 ca. 19:00 Uhr.,15.12.15 17:44,15.12.15 18:49,Brünnen Westside Bahnhof - Saali
Fahrzeugpanne,1221,Dienstag,65,low,2015,12,15.12.15,9,Fahrzeugpanne,Stoerung,Auf den Linien 6 7 8 und 9 ist infolge einer Fahrzeugpanne mit unregelmaessigem Betrieb zu rechnen. Dauer: bis 15.12.2015 ca. 19:00 Uhr.,15.12.15 17:44,15.12.15 18:49,Wabern - Wankdorf Bahnhof
Fahrzeugpanne,1222,Dienstag,65,low,2015,12,15.12.15,6,Fahrzeugpanne,Stoerung,Auf den Linien 6 7 8 und 9 ist infolge einer Fahrzeugpanne mit unregelmaessigem Betrieb zu rechnen. Dauer: bis 15.12.2015 ca. 19:00 Uhr.,15.12.15 17:44,15.12.15 18:49,Fischermätteli - Worb Dorf
Fahrzeugpanne,1223,Dienstag,65,low,2015,12,15.12.15,7,Fahrzeugpanne,Stoerung,Auf den Linien 6 7 8 und 9 ist infolge einer Fahrzeugpanne mit unregelmaessigem Betrieb zu rechnen. Dauer: bis 15.12.2015 ca. 19:00 Uhr.,15.12.15 17:44,15.12.15 18:49,Bümpliz - Ostring
Fahrzeugpanne,1224,Dienstag,77,low,2015,12,15.12.15,7,Fahrzeugpanne,Stoerung,Auf den Linien 6 7 und 8 ist infolge einer Fahrzeugpanne mit unregelmaessigem Betrieb zu rechnen. Dauer: bis 15.12.2015 ca. 19:00 Uhr.,15.12.15 17:44,15.12.15 19:00,Bümpliz - Ostring
Fahrzeugpanne,1225,Dienstag,77,low,2015,12,15.12.15,6,Fahrzeugpanne,Stoerung,Auf den Linien 6 7 und 8 ist infolge einer Fahrzeugpanne mit unregelmaessigem Betrieb zu rechnen. Dauer: bis 15.12.2015 ca. 19:00 Uhr.,15.12.15 17:44,15.12.15 19:00,Fischermätteli - Worb Dorf
Fahrzeugpanne,1226,Dienstag,77,low,2015,12,15.12.15,8,Fahrzeugpanne,Stoerung,Auf den Linien 6 7 und 8 ist infolge einer Fahrzeugpanne mit unregelmaessigem Betrieb zu rechnen. Dauer: bis 15.12.2015 ca. 19:00 Uhr.,15.12.15 17:44,15.12.15 19:00,Brünnen Westside Bahnhof - Saali
Fahrzeugpanne,1227,Dienstag,56,low,2015,12,15.12.15,9,Fahrzeugpanne,Stoerung,Auf den Linien 9 6 und 7 ist infolge einer Fahrzeugpanne mit unregelmaessigem Betrieb zu rechnen. Dauer: bis 15.12.2015 ca. 18:40 Uhr.,15.12.15 17:44,15.12.15 18:40,Wabern - Wankdorf Bahnhof
Fahrzeugpanne,1228,Dienstag,56,low,2015,12,15.12.15,6,Fahrzeugpanne,Stoerung,Auf den Linien 9 6 und 7 ist infolge einer Fahrzeugpanne mit unregelmaessigem Betrieb zu rechnen. Dauer: bis 15.12.2015 ca. 18:40 Uhr.,15.12.15 17:44,15.12.15 18:40,Fischermätteli - Worb Dorf
Fahrzeugpanne,1229,Dienstag,56,low,2015,12,15.12.15,7,Fahrzeugpanne,Stoerung,Auf den Linien 9 6 und 7 ist infolge einer Fahrzeugpanne mit unregelmaessigem Betrieb zu rechnen. Dauer: bis 15.12.2015 ca. 18:40 Uhr.,15.12.15 17:44,15.12.15 18:40,Bümpliz - Ostring
Fahrzeugpanne,1230,Dienstag,77,low,2015,12,15.12.15,8,Fahrzeugpanne,Stoerung,Auf der Linie 8 ist infolge einer Fahrzeugpanne mit unregelmaessigem Betrieb zu rechnen. Dauer: bis 15.12.2015 ca. 19:00 Uhr.,15.12.15 17:44,15.12.15 19:00,Brünnen Westside Bahnhof - Saali
Kundgebung_oder_Veranstaltung,1231,Mittwoch,362,medium,2015,12,16.12.15,6,Kundgebung oder Veranstaltung,Stoerung,Auf den Linien 6 7 8 9 und 12 ist infolge einer Kundgebung mit unregelmaessigem Betrieb und Verspaetungen bis 10 Minuten zu rechnen. Dauer: bis 16.12.2015 ca. 1 Stunde,16.12.15 16:29,20.12.15 20:55,Fischermätteli - Worb Dorf
Kundgebung_oder_Veranstaltung,1232,Mittwoch,362,medium,2015,12,16.12.15,7,Kundgebung oder Veranstaltung,Stoerung,Auf den Linien 6 7 8 9 und 12 ist infolge einer Kundgebung mit unregelmaessigem Betrieb und Verspaetungen bis 10 Minuten zu rechnen. Dauer: bis 16.12.2015 ca. 1 Stunde,16.12.15 16:29,20.12.15 20:55,Bümpliz - Ostring
Kundgebung_oder_Veranstaltung,1233,Mittwoch,362,medium,2015,12,16.12.15,8,Kundgebung oder Veranstaltung,Stoerung,Auf den Linien 6 7 8 9 und 12 ist infolge einer Kundgebung mit unregelmaessigem Betrieb und Verspaetungen bis 10 Minuten zu rechnen. Dauer: bis 16.12.2015 ca. 1 Stunde,16.12.15 16:29,20.12.15 20:55,Brünnen Westside Bahnhof - Saali
Kundgebung_oder_Veranstaltung,1234,Mittwoch,362,medium,2015,12,16.12.15,9,Kundgebung oder Veranstaltung,Stoerung,Auf den Linien 6 7 8 9 und 12 ist infolge einer Kundgebung mit unregelmaessigem Betrieb und Verspaetungen bis 10 Minuten zu rechnen. Dauer: bis 16.12.2015 ca. 1 Stunde,16.12.15 16:29,20.12.15 20:55,Wabern - Wankdorf Bahnhof
Kundgebung_oder_Veranstaltung,1235,Mittwoch,362,medium,2015,12,16.12.15,12,Kundgebung oder Veranstaltung,Stoerung,Auf den Linien 6 7 8 9 und 12 ist infolge einer Kundgebung mit unregelmaessigem Betrieb und Verspaetungen bis 10 Minuten zu rechnen. Dauer: bis 16.12.2015 ca. 1 Stunde,16.12.15 16:29,20.12.15 20:55,Längasse - Zentrum Paul Klee
Verkehrsunfall,1236,Montag,17,verylow,2015,12,21.12.15,3,Verkehrsunfall,Geplante Stoerung,21.12.2015 19:01 Uhr: Auf den Linien 3 6 7 und 8 ist infolge eines Verkehrsunfalls mit Verspaetungen und unregelmaessigem Betrieb zu rechnen. Dauer: unbestimmt.,21.12.15 19:01,21.12.15 19:18,Bern Bahnhof - Weissenbühl
Verkehrsunfall,1237,Montag,17,verylow,2015,12,21.12.15,6,Verkehrsunfall,Geplante Stoerung,21.12.2015 19:01 Uhr: Auf den Linien 3 6 7 und 8 ist infolge eines Verkehrsunfalls mit Verspaetungen und unregelmaessigem Betrieb zu rechnen. Dauer: unbestimmt.,21.12.15 19:01,21.12.15 19:18,Fischermätteli - Worb Dorf
Verkehrsunfall,1238,Montag,17,verylow,2015,12,21.12.15,7,Verkehrsunfall,Geplante Stoerung,21.12.2015 19:01 Uhr: Auf den Linien 3 6 7 und 8 ist infolge eines Verkehrsunfalls mit Verspaetungen und unregelmaessigem Betrieb zu rechnen. Dauer: unbestimmt.,21.12.15 19:01,21.12.15 19:18,Bümpliz - Ostring
Verkehrsunfall,1239,Montag,17,verylow,2015,12,21.12.15,8,Verkehrsunfall,Geplante Stoerung,21.12.2015 19:01 Uhr: Auf den Linien 3 6 7 und 8 ist infolge eines Verkehrsunfalls mit Verspaetungen und unregelmaessigem Betrieb zu rechnen. Dauer: unbestimmt.,21.12.15 19:01,21.12.15 19:18,Brünnen Westside Bahnhof - Saali
Verkehrsunfall,1240,Montag,3,verylow,2015,12,21.12.15,3,Verkehrsunfall,Geplante Stoerung,21.12.2015 19:08 Uhr: Auf den Linien 3 6 7 und 8 ist infolge eines Verkehrsunfalls die Strecke zwischen Hirschengraben und Kocherpark nicht befahrbar. Die Linie 3 ab HB ist unterbrochen. Die Linien 6 7und 8 aus dem Osten wenden in der Wallgasse . Die Linien 6 7 und 8 aus dem Westen werden via Weissenbuehl umgeleitet. Dauer: unbestimmt.,21.12.15 19:12,21.12.15 19:14,Bern Bahnhof - Weissenbühl
Verkehrsunfall,1241,Montag,3,verylow,2015,12,21.12.15,6,Verkehrsunfall,Geplante Stoerung,21.12.2015 19:08 Uhr: Auf den Linien 3 6 7 und 8 ist infolge eines Verkehrsunfalls die Strecke zwischen Hirschengraben und Kocherpark nicht befahrbar. Die Linie 3 ab HB ist unterbrochen. Die Linien 6 7und 8 aus dem Osten wenden in der Wallgasse . Die Linien 6 7 und 8 aus dem Westen werden via Weissenbuehl umgeleitet. Dauer: unbestimmt.,21.12.15 19:12,21.12.15 19:14,Fischermätteli - Worb Dorf
Verkehrsunfall,1242,Montag,3,verylow,2015,12,21.12.15,7,Verkehrsunfall,Geplante Stoerung,21.12.2015 19:08 Uhr: Auf den Linien 3 6 7 und 8 ist infolge eines Verkehrsunfalls die Strecke zwischen Hirschengraben und Kocherpark nicht befahrbar. Die Linie 3 ab HB ist unterbrochen. Die Linien 6 7und 8 aus dem Osten wenden in der Wallgasse . Die Linien 6 7 und 8 aus dem Westen werden via Weissenbuehl umgeleitet. Dauer: unbestimmt.,21.12.15 19:12,21.12.15 19:14,Bümpliz - Ostring
Verkehrsunfall,1243,Montag,3,verylow,2015,12,21.12.15,8,Verkehrsunfall,Geplante Stoerung,21.12.2015 19:08 Uhr: Auf den Linien 3 6 7 und 8 ist infolge eines Verkehrsunfalls die Strecke zwischen Hirschengraben und Kocherpark nicht befahrbar. Die Linie 3 ab HB ist unterbrochen. Die Linien 6 7und 8 aus dem Osten wenden in der Wallgasse . Die Linien 6 7 und 8 aus dem Westen werden via Weissenbuehl umgeleitet. Dauer: unbestimmt.,21.12.15 19:12,21.12.15 19:14,Brünnen Westside Bahnhof - Saali
Verspaetungen_Allgemein,1244,Montag,60,low,2015,12,21.12.15,3,Verspaetungen Allgemein,Geplante Stoerung,21.12.2015 19:14 Uhr: Die Umleitungen auf den Linien 3 6 7 und 8 sind aufgehoben. Es muss aber weiterhin mit Verspaetungen und Kursausfaellen gerechnet werden.,21.12.15 19:16,21.12.15 20:16,Bern Bahnhof - Weissenbühl
Verspaetungen_Allgemein,1245,Montag,60,low,2015,12,21.12.15,6,Verspaetungen Allgemein,Geplante Stoerung,21.12.2015 19:14 Uhr: Die Umleitungen auf den Linien 3 6 7 und 8 sind aufgehoben. Es muss aber weiterhin mit Verspaetungen und Kursausfaellen gerechnet werden.,21.12.15 19:16,21.12.15 20:16,Fischermätteli - Worb Dorf
Verspaetungen_Allgemein,1246,Montag,60,low,2015,12,21.12.15,8,Verspaetungen Allgemein,Geplante Stoerung,21.12.2015 19:14 Uhr: Die Umleitungen auf den Linien 3 6 7 und 8 sind aufgehoben. Es muss aber weiterhin mit Verspaetungen und Kursausfaellen gerechnet werden.,21.12.15 19:16,21.12.15 20:16,Brünnen Westside Bahnhof - Saali
Verspaetungen_Allgemein,1247,Montag,60,low,2015,12,21.12.15,7,Verspaetungen Allgemein,Geplante Stoerung,21.12.2015 19:14 Uhr: Die Umleitungen auf den Linien 3 6 7 und 8 sind aufgehoben. Es muss aber weiterhin mit Verspaetungen und Kursausfaellen gerechnet werden.,21.12.15 19:16,21.12.15 20:16,Bümpliz - Ostring
Verkehrsunfall,1248,Montag,113,low,2015,12,21.12.15,7,Verkehrsunfall,Geplante Stoerung,21.12.2015 19:16 Uhr: Auf der Linie 7 ist infolge eines Verkehrsunfalls mit Verspaetungen und unregelmaessigem Betrieb zu rechnen. Dauer: unbestimmt.,21.12.15 19:16,21.12.15 21:09,Bümpliz - Ostring
Verkehrsueberlastung,1249,Dienstag,1113,high,2015,12,22.12.15,160,Verkehrsueberlastung,Stoerung,Auf der Linie 160 ist infolge Verkehrueberlastung der Kurs um 14:59 Uhr ab Konolfingen Dorf Richtung Bern Flughafen um ca. 10 Min verspaetet.,22.12.15 14:54,25.12.15 08:39,Konolfingen - Belp
Fahrzeugpanne,1250,Freitag,13,verylow,2015,12,25.12.15,6,Fahrzeugpanne,Stoerung,Auf der Linie 6 faellt infolge einer Fahrzeugpanne der Kurs um 08:25 Uhr ab Bern Bahnhof Richtung Fischermaetteli aus. Die naechste Abfahrt erfolgt um 08:40 Uhr.  ,25.12.15 08:25,25.12.15 08:38,Fischermätteli - Worb Dorf
Fahrzeugpanne,1251,Freitag,23,verylow,2015,12,25.12.15,6,Fahrzeugpanne,Stoerung,Auf der Linie 6 faellt infolge einer Fahrzeugpanne der Kurs um 08:41 Uhr ab Fischermaetteli Richtung Bern Bahnhof aus. Die naechste Abfahrt erfolgt um 08:56 Uhr.  ,25.12.15 08:29,25.12.15 08:52,Fischermätteli - Worb Dorf
Verkehrsunfall,1252,Samstag,48,low,2015,12,26.12.15,7,Verkehrsunfall,Geplante Stoerung,26.12.2015 22:14 Uhr: Auf den Linien 7 und 8 ist infolge eines Verkehrsunfalls mit unregelmaessigem Betrieb zu rechnen. Dauer: ca. 1h.,26.12.15 22:14,26.12.15 23:01,Bümpliz - Ostring
Verkehrsunfall,1253,Samstag,48,low,2015,12,26.12.15,8,Verkehrsunfall,Geplante Stoerung,26.12.2015 22:14 Uhr: Auf den Linien 7 und 8 ist infolge eines Verkehrsunfalls mit unregelmaessigem Betrieb zu rechnen. Dauer: ca. 1h.,26.12.15 22:14,26.12.15 23:01,Brünnen Westside Bahnhof - Saali
Verkehrsunfall,1254,Samstag,45,low,2015,12,26.12.15,3,Verkehrsunfall,Geplante Stoerung,26.12.2015 22:15 Uhr: Auf der Linie 3 ist infolge eines Verkehrsunfalls die ganze Strecke unterbrochen. Bitte Linie 10 benutzen. Dauer: ca. 1h.,26.12.15 22:16,26.12.15 23:01,Bern Bahnhof - Weissenbühl
Verkehrsunfall,1255,Samstag,47,low,2015,12,26.12.15,7,Verkehrsunfall,Geplante Stoerung,26.12.2015 22:14 Uhr: Auf den Linien 7 und 8 ist infolge eines Verkehrsunfalls die Strecke zwischen Bern Hirschengraben und Bern Kocherpark unterbrochen. Dauer: ca. 1h.,26.12.15 22:14,26.12.15 23:01,Bümpliz - Ostring
Verkehrsunfall,1256,Samstag,47,low,2015,12,26.12.15,8,Verkehrsunfall,Geplante Stoerung,26.12.2015 22:14 Uhr: Auf den Linien 7 und 8 ist infolge eines Verkehrsunfalls die Strecke zwischen Bern Hirschengraben und Bern Kocherpark unterbrochen. Dauer: ca. 1h.,26.12.15 22:14,26.12.15 23:01,Brünnen Westside Bahnhof - Saali
Polizei_Feuerwehr_Sanitaet,1257,Montag,62,low,2015,12,28.12.15,6,Polizei und Rettung,Geplante Stoerung,28.12.2015 16:25 Uhr: Auf den Linien 6 7 und 8 ist infolge eines Rettungseinsatzes die Haltestelle Kaufmaennischer Verband um 100 Meter nach der Kreuzung verschoben. Dauer: unbestimmt.,28.12.15 16:27,28.12.15 17:29,Fischermätteli - Worb Dorf
Polizei_Feuerwehr_Sanitaet,1258,Montag,62,low,2015,12,28.12.15,7,Polizei und Rettung,Geplante Stoerung,28.12.2015 16:25 Uhr: Auf den Linien 6 7 und 8 ist infolge eines Rettungseinsatzes die Haltestelle Kaufmaennischer Verband um 100 Meter nach der Kreuzung verschoben. Dauer: unbestimmt.,28.12.15 16:27,28.12.15 17:29,Bümpliz - Ostring
Polizei_Feuerwehr_Sanitaet,1259,Montag,62,low,2015,12,28.12.15,8,Polizei und Rettung,Geplante Stoerung,28.12.2015 16:25 Uhr: Auf den Linien 6 7 und 8 ist infolge eines Rettungseinsatzes die Haltestelle Kaufmaennischer Verband um 100 Meter nach der Kreuzung verschoben. Dauer: unbestimmt.,28.12.15 16:27,28.12.15 17:29,Brünnen Westside Bahnhof - Saali
Verkehrsunfall,1260,Donnerstag,39,low,2015,12,31.12.15,6,Verkehrsunfall,Geplante Stoerung,31.12.2015 15:48 Uhr: Auf den Linien 6 7 und 8 ist infolge eines Verkehrsunfalls mit unregelmaessigem Betrieb zu rechnen. Dauer: unbestimmt.,31.12.15 15:48,31.12.15 16:27,Fischermätteli - Worb Dorf
Verkehrsunfall,1261,Donnerstag,39,low,2015,12,31.12.15,7,Verkehrsunfall,Geplante Stoerung,31.12.2015 15:48 Uhr: Auf den Linien 6 7 und 8 ist infolge eines Verkehrsunfalls mit unregelmaessigem Betrieb zu rechnen. Dauer: unbestimmt.,31.12.15 15:48,31.12.15 16:27,Bümpliz - Ostring
Verkehrsunfall,1262,Donnerstag,39,low,2015,12,31.12.15,8,Verkehrsunfall,Geplante Stoerung,31.12.2015 15:48 Uhr: Auf den Linien 6 7 und 8 ist infolge eines Verkehrsunfalls mit unregelmaessigem Betrieb zu rechnen. Dauer: unbestimmt.,31.12.15 15:48,31.12.15 16:27,Brünnen Westside Bahnhof - Saali
Verkehrsunfall,1263,Donnerstag,65,low,2015,12,31.12.15,7,Verkehrsunfall,Geplante Stoerung,31.12.2015 15:48 Uhr: Auf den Linien 7 und 8 ist infolge eines Verkehrsunfalls mit unregelmaessigem Betrieb zu rechnen. Dauer: unbestimmt.,31.12.15 15:48,31.12.15 16:53,Bümpliz - Ostring
Verkehrsunfall,1264,Donnerstag,65,low,2015,12,31.12.15,8,Verkehrsunfall,Geplante Stoerung,31.12.2015 15:48 Uhr: Auf den Linien 7 und 8 ist infolge eines Verkehrsunfalls mit unregelmaessigem Betrieb zu rechnen. Dauer: unbestimmt.,31.12.15 15:48,31.12.15 16:53,Brünnen Westside Bahnhof - Saali
Verkehrsueberlastung,1265,Dienstag,87,low,2016,1,05.01.16,7,Verkehrsueberlastung,Geplante Stoerung,05.01.2016 16:30 Uhr: Auf den Linien 6 7 8 19 und 28 ist infolge Verkehrueberlastung mit Verspaetungen und unregelmaessigem Betrieb zu rechnen. Dauer: unbestimmt.,05.01.16 16:32,05.01.16 17:59,Bümpliz - Ostring
Verkehrsueberlastung,1266,Dienstag,87,low,2016,1,05.01.16,6,Verkehrsueberlastung,Geplante Stoerung,05.01.2016 16:30 Uhr: Auf den Linien 6 7 8 19 und 28 ist infolge Verkehrueberlastung mit Verspaetungen und unregelmaessigem Betrieb zu rechnen. Dauer: unbestimmt.,05.01.16 16:32,05.01.16 17:59,Fischermätteli - Worb Dorf
Verkehrsueberlastung,1267,Dienstag,87,low,2016,1,05.01.16,8,Verkehrsueberlastung,Geplante Stoerung,05.01.2016 16:30 Uhr: Auf den Linien 6 7 8 19 und 28 ist infolge Verkehrueberlastung mit Verspaetungen und unregelmaessigem Betrieb zu rechnen. Dauer: unbestimmt.,05.01.16 16:32,05.01.16 17:59,Brünnen Westside Bahnhof - Saali
Verkehrsueberlastung,1268,Dienstag,87,low,2016,1,05.01.16,19,Verkehrsueberlastung,Geplante Stoerung,05.01.2016 16:30 Uhr: Auf den Linien 6 7 8 19 und 28 ist infolge Verkehrueberlastung mit Verspaetungen und unregelmaessigem Betrieb zu rechnen. Dauer: unbestimmt.,05.01.16 16:32,05.01.16 17:59,Blinzern - Elfenau
Verkehrsueberlastung,1269,Dienstag,112,low,2016,1,05.01.16,8,Verkehrsueberlastung,Geplante Stoerung,05.01.2016 16:32 Uhr: Auf den Linien 6 8 19 und 28 ist infolge Verkehrueberlastung mit Verspaetungen und unregelmaessigem Betrieb zu rechnen. Dauer: unbestimmt.,05.01.16 16:32,05.01.16 18:24,Brünnen Westside Bahnhof - Saali
Verkehrsueberlastung,1270,Dienstag,112,low,2016,1,05.01.16,6,Verkehrsueberlastung,Geplante Stoerung,05.01.2016 16:32 Uhr: Auf den Linien 6 8 19 und 28 ist infolge Verkehrueberlastung mit Verspaetungen und unregelmaessigem Betrieb zu rechnen. Dauer: unbestimmt.,05.01.16 16:32,05.01.16 18:24,Fischermätteli - Worb Dorf
Verkehrsueberlastung,1271,Dienstag,112,low,2016,1,05.01.16,19,Verkehrsueberlastung,Geplante Stoerung,05.01.2016 16:32 Uhr: Auf den Linien 6 8 19 und 28 ist infolge Verkehrueberlastung mit Verspaetungen und unregelmaessigem Betrieb zu rechnen. Dauer: unbestimmt.,05.01.16 16:32,05.01.16 18:24,Blinzern - Elfenau
Verkehrsueberlastung,1272,Dienstag,123,medium,2016,1,05.01.16,19,Verkehrsueberlastung,Geplante Stoerung,05.01.2016 16:32 Uhr: Auf den Linien 6 19 und 28 ist infolge Verkehrueberlastung mit Verspaetungen und unregelmaessigem Betrieb zu rechnen. Dauer: unbestimmt.,05.01.16 16:32,05.01.16 18:34,Blinzern - Elfenau
Verkehrsueberlastung,1273,Dienstag,123,medium,2016,1,05.01.16,6,Verkehrsueberlastung,Geplante Stoerung,05.01.2016 16:32 Uhr: Auf den Linien 6 19 und 28 ist infolge Verkehrueberlastung mit Verspaetungen und unregelmaessigem Betrieb zu rechnen. Dauer: unbestimmt.,05.01.16 16:32,05.01.16 18:34,Fischermätteli - Worb Dorf
Verkehrsueberlastung,1274,Dienstag,127,medium,2016,1,05.01.16,6,Verkehrsueberlastung,Geplante Stoerung,05.01.2016 16:32 Uhr: Auf den Linien 6 und 28 ist infolge Verkehrueberlastung mit Verspaetungen und unregelmaessigem Betrieb zu rechnen. Dauer: unbestimmt.,05.01.16 16:32,05.01.16 18:39,Fischermätteli - Worb Dorf
Verkehrsueberlastung,1275,Dienstag,127,medium,2016,1,05.01.16,6,Verkehrsueberlastung,Geplante Stoerung,05.01.2016 16:32 Uhr: Auf der Linie 6 ist infolge Verkehrueberlastung mit Verspaetungen und unregelmaessigem Betrieb zu rechnen. Dauer: unbestimmt.,05.01.16 16:32,05.01.16 18:39,Fischermätteli - Worb Dorf
Betriebsstoerung,1276,Mittwoch,10,verylow,2016,1,06.01.16,3,Betriebsstoerung,Geplante Stoerung,06.01.2016 14:00 Uhr: Auf den Linien 3 6 7 8 und 9 ist infolge einer Betriebsstoerung die Haltestelle Hirschengraben Richtung Bahnhof nicht bedient. Bitte bei der Haltestelle Bahnhof einsteigen.,06.01.16 14:08,06.01.16 14:18,Bern Bahnhof - Weissenbühl
Betriebsstoerung,1277,Mittwoch,10,verylow,2016,1,06.01.16,6,Betriebsstoerung,Geplante Stoerung,06.01.2016 14:00 Uhr: Auf den Linien 3 6 7 8 und 9 ist infolge einer Betriebsstoerung die Haltestelle Hirschengraben Richtung Bahnhof nicht bedient. Bitte bei der Haltestelle Bahnhof einsteigen.,06.01.16 14:08,06.01.16 14:18,Fischermätteli - Worb Dorf
Betriebsstoerung,1278,Mittwoch,10,verylow,2016,1,06.01.16,7,Betriebsstoerung,Geplante Stoerung,06.01.2016 14:00 Uhr: Auf den Linien 3 6 7 8 und 9 ist infolge einer Betriebsstoerung die Haltestelle Hirschengraben Richtung Bahnhof nicht bedient. Bitte bei der Haltestelle Bahnhof einsteigen.,06.01.16 14:08,06.01.16 14:18,Bümpliz - Ostring
Betriebsstoerung,1279,Mittwoch,10,verylow,2016,1,06.01.16,8,Betriebsstoerung,Geplante Stoerung,06.01.2016 14:00 Uhr: Auf den Linien 3 6 7 8 und 9 ist infolge einer Betriebsstoerung die Haltestelle Hirschengraben Richtung Bahnhof nicht bedient. Bitte bei der Haltestelle Bahnhof einsteigen.,06.01.16 14:08,06.01.16 14:18,Brünnen Westside Bahnhof - Saali
Betriebsstoerung,1280,Mittwoch,10,verylow,2016,1,06.01.16,9,Betriebsstoerung,Geplante Stoerung,06.01.2016 14:00 Uhr: Auf den Linien 3 6 7 8 und 9 ist infolge einer Betriebsstoerung die Haltestelle Hirschengraben Richtung Bahnhof nicht bedient. Bitte bei der Haltestelle Bahnhof einsteigen.,06.01.16 14:08,06.01.16 14:18,Wabern - Wankdorf Bahnhof
Unregelmaessiger_Betrieb_und_Umleitungen,1281,Mittwoch,330,medium,2016,1,13.01.16,10,Unregelmaessiger Betrieb und Umleitungen,Stoerung,Die Linien 10 und 19 sind am 13.01.2016 infolge des Neujahrsempfangs auf dem Bundesplatz von ca. 13.00 bis 18.30 Uhr stadtauswaerts durch die Spital- / Marktgasse umgeleitet.,13.01.16 13:00,13.01.16 18:30,Köniz Schliern - Ostermundigen Rüti
Unregelmaessiger_Betrieb_und_Umleitungen,1282,Mittwoch,330,medium,2016,1,13.01.16,19,Unregelmaessiger Betrieb und Umleitungen,Stoerung,Die Linien 10 und 19 sind am 13.01.2016 infolge des Neujahrsempfangs auf dem Bundesplatz von ca. 13.00 bis 18.30 Uhr stadtauswaerts durch die Spital- / Marktgasse umgeleitet.,13.01.16 13:00,13.01.16 18:30,Blinzern - Elfenau
Schneefall_Eis,1283,Donnerstag,47,low,2016,1,07.01.16,12,Schneefall oder Eis,Geplante Stoerung,07.01.2016 13:10 Uhr: Auf der Linie 12 ist infolge Schneefalls die Strecke zwischen Schosshalde und Zentrum Paul Klee nicht bedient. Dauer: unbestimmt.,07.01.16 13:11,07.01.16 13:57,Längasse - Zentrum Paul Klee
Fahrzeugpanne,1284,Freitag,32,low,2016,1,08.01.16,9,Fahrzeugpanne,Geplante Stoerung,08.01.2016 13:12 Uhr: Auf der Linie 9 ist infolge einer Fahrzeugpanne mit Verspaetungen zu rechnen. Dauer: ca. 15 Min.,08.01.16 13:12,08.01.16 13:44,Wabern - Wankdorf Bahnhof
Kundgebung_oder_Veranstaltung,1285,Samstag,100,low,2016,1,09.01.16,6,Kundgebung oder Veranstaltung,Geplante Stoerung,09.01.2016 15:15 Uhr: Auf den Linien 6 7 8 9 10 12 und 19 ist infolge einer Kundgebung mit unregelmaessigem Betrieb zu rechnen. Dauer: ca. 2h.,09.01.16 15:16,09.01.16 16:56,Fischermätteli - Worb Dorf
Kundgebung_oder_Veranstaltung,1286,Samstag,100,low,2016,1,09.01.16,7,Kundgebung oder Veranstaltung,Geplante Stoerung,09.01.2016 15:15 Uhr: Auf den Linien 6 7 8 9 10 12 und 19 ist infolge einer Kundgebung mit unregelmaessigem Betrieb zu rechnen. Dauer: ca. 2h.,09.01.16 15:16,09.01.16 16:56,Bümpliz - Ostring
Kundgebung_oder_Veranstaltung,1287,Samstag,100,low,2016,1,09.01.16,8,Kundgebung oder Veranstaltung,Geplante Stoerung,09.01.2016 15:15 Uhr: Auf den Linien 6 7 8 9 10 12 und 19 ist infolge einer Kundgebung mit unregelmaessigem Betrieb zu rechnen. Dauer: ca. 2h.,09.01.16 15:16,09.01.16 16:56,Brünnen Westside Bahnhof - Saali
Kundgebung_oder_Veranstaltung,1288,Samstag,100,low,2016,1,09.01.16,9,Kundgebung oder Veranstaltung,Geplante Stoerung,09.01.2016 15:15 Uhr: Auf den Linien 6 7 8 9 10 12 und 19 ist infolge einer Kundgebung mit unregelmaessigem Betrieb zu rechnen. Dauer: ca. 2h.,09.01.16 15:16,09.01.16 16:56,Wabern - Wankdorf Bahnhof
Kundgebung_oder_Veranstaltung,1289,Samstag,100,low,2016,1,09.01.16,10,Kundgebung oder Veranstaltung,Geplante Stoerung,09.01.2016 15:15 Uhr: Auf den Linien 6 7 8 9 10 12 und 19 ist infolge einer Kundgebung mit unregelmaessigem Betrieb zu rechnen. Dauer: ca. 2h.,09.01.16 15:16,09.01.16 16:56,Köniz Schliern - Ostermundigen Rüti
Kundgebung_oder_Veranstaltung,1290,Samstag,100,low,2016,1,09.01.16,12,Kundgebung oder Veranstaltung,Geplante Stoerung,09.01.2016 15:15 Uhr: Auf den Linien 6 7 8 9 10 12 und 19 ist infolge einer Kundgebung mit unregelmaessigem Betrieb zu rechnen. Dauer: ca. 2h.,09.01.16 15:16,09.01.16 16:56,Längasse - Zentrum Paul Klee
Kundgebung_oder_Veranstaltung,1291,Samstag,100,low,2016,1,09.01.16,19,Kundgebung oder Veranstaltung,Geplante Stoerung,09.01.2016 15:15 Uhr: Auf den Linien 6 7 8 9 10 12 und 19 ist infolge einer Kundgebung mit unregelmaessigem Betrieb zu rechnen. Dauer: ca. 2h.,09.01.16 15:16,09.01.16 16:56,Blinzern - Elfenau
Verkehrsueberlastung,1292,Montag,53,low,2016,1,11.01.16,20,Verkehrsueberlastung,Geplante Stoerung,11.01.2016 17:07 Uhr: Auf der Linie 20 ist infolge Verkehrueberlastung mit Verspaetungen und unregelmaessigem Betrieb zu rechnen. Dauer: unbestimmt.,11.01.16 17:07,11.01.16 18:00,Bern Bahnhof - Wankdorf Bahnhof
Verkehrsunfall,1293,Mittwoch,12,verylow,2016,1,13.01.16,6,Verkehrsunfall,Stoerung,Auf der Linie 6 ist infolge eines Unfalls mit unregelmaessigem Betrieb zu rechnen. Die Strecke zwischen Fischermaetteli und Bahnhof kann zur Zeit nicht bedient werden.,13.01.16 11:11,13.01.16 11:22,Fischermätteli - Worb Dorf
Sonstige_Stoerungen,1294,Samstag,1622,high,2015,9,19.09.15,7,Sonstige Stoerungen,Geplante Stoerung,19.09. bis 27.09.2015. Stadtauswaerts befindet sich die Haltestelle Sandrain an der Tramhaltestelle der Gegenrichtung stadteinwaerts nach der Einmuendung Landoltstrasse.,19.09.15 00:01,13.01.16 17:03,Bümpliz - Ostring
Sonstige_Stoerungen,1295,Samstag,1623,high,2015,9,19.09.15,7,Sonstige Stoerungen,Geplante Stoerung,19.09. bis 27.09.2015. Die Haltestelle Schoenegg stadtauswaerts befindet sich auf Hoehe der Wartehalle der Gegenrichtung stadteinwaerts vor der Abzweigung Wabernstrasse.,19.09.15 00:01,13.01.16 17:03,Bümpliz - Ostring
Verkehrsunfall,1296,Donnerstag,63,low,2016,1,14.01.16,20,Verkehrsunfall,Stoerung,Auf der Linie 20 ist infolge eines Verkehrsunfalls mit unregelmaessigem Betrieb zu rechnen. Dauer: bis 14.01.2016 ca. 17:00 Uhr.,14.01.16 15:57,14.01.16 17:00,Bern Bahnhof - Wankdorf Bahnhof
Verkehrsbehinderung,1297,Samstag,50,low,2016,1,16.01.16,11,Verkehrsbehinderung,Geplante Stoerung,16.01.2016 05:40 Uhr: Auf den Linien 11 und 21 ist infolge falsch parkierter Autos die Haltestelle Bollwerk nicht bedient. Dauer: ca. 1h.,16.01.16 05:41,16.01.16 06:30,Holligen - Neufeld P+R
Fahrzeugpanne,1298,Samstag,118,low,2016,1,16.01.16,19,Fahrzeugpanne,Geplante Stoerung,16.01.2016 06:46 Uhr: Auf der Linie 19 ist infolge einer Fahrzeugpanne mit unregelmaessigem Betrieb zu rechnen. Dauer: ca. 1h.,16.01.16 06:47,16.01.16 08:45,Blinzern - Elfenau
Verkehrsueberlastung,1299,Dienstag,43,low,2016,1,19.01.16,6,Verkehrsueberlastung,Geplante Stoerung,19.01.2016 18:10 Uhr: Auf der Linie 6 ist infolge Verkehrueberlastung mit Verspaetungen und unregelmaessigem Betrieb zu rechnen. Dauer: unbestimmt.,19.01.16 18:11,19.01.16 18:54,Fischermätteli - Worb Dorf
Verkehrsueberlastung,1300,Dienstag,3,verylow,2016,1,19.01.16,6,Verkehrsueberlastung,Geplante Stoerung,19.01.2016 18:10 Uhr: Auf der Linie 6 ist infolge Verkehrueberlastung mit Verspaetungen und unregelmaessigem Betrieb zu rechnen. Dauer: unbestimmt.,19.01.16 18:11,19.01.16 18:13,Fischermätteli - Worb Dorf
Schneefall_Eis,1301,Mittwoch,44,low,2016,1,20.01.16,160,Schneefall oder Eis,Stoerung,Auf der Linie 160 ist infolge Schneefalls mit Verspaetungen bis zu 15 Minuten rechnen.,20.01.16 07:54,20.01.16 08:38,Konolfingen - Belp
Schneefall_Eis,1302,Mittwoch,63,low,2016,1,20.01.16,10,Schneefall oder Eis,Stoerung,Auf der Linie 10 ist infolge Schneefalls mit unregelmaessigem Betrieb zu rechnen.,20.01.16 07:57,20.01.16 09:00,Köniz Schliern - Ostermundigen Rüti
Schneefall_Eis,1303,Mittwoch,28,verylow,2016,1,20.01.16,12,Schneefall oder Eis,Stoerung,Auf der Linie 12 kann infolge Schneefall nur bis Schosshalde gefahren werden die Strecke Zentrum Paul Klee kann nicht bedient werden.,20.01.16 08:01,20.01.16 08:29,Längasse - Zentrum Paul Klee
Betriebsstoerung,1304,Donnerstag,31,low,2016,1,21.01.16,3,Betriebsstoerung,Geplante Stoerung,21.01.2016 06:19 Uhr: Auf der Linie 3 ist infolge einer Betriebsstoerung mit Verspaetungen und unregelmaessigem Betrieb zu rechnen. Tramersatzbusse sind zusaetzlich im Einsatz. Dauer: unbestimmt.,21.01.16 06:20,21.01.16 06:50,Bern Bahnhof - Weissenbühl
Betriebsstoerung,1305,Freitag,170,medium,2016,1,22.01.16,6,Betriebsstoerung,Geplante Stoerung,22.01.2016 10:20 Uhr: Auf der Linie 6 ist infolge einer Betriebsstoerung mit Verspaetungen und unregelmaessigem Betrieb zu rechnen. Dauer: unbestimmt.,22.01.16 10:20,22.01.16 13:10,Fischermätteli - Worb Dorf
Kundgebung_oder_Veranstaltung,1306,Samstag,485,medium,2016,2,06.02.16,9,Kundgebung oder Veranstaltung,Stoerung,Die Linie 9 faehrt ab 17:40 infolge einer Veranstaltung bis/ab Guisanplatz. Die Strecke Guisanplatz-Wankdorf wird bis 23:35 nicht bedient. Dauer: bis 06.02.2016 ca. 23:35 Uhr.,06.02.16 15:30,06.02.16 23:35,Wabern - Wankdorf Bahnhof
Kundgebung_oder_Veranstaltung,1307,Samstag,475,medium,2016,2,06.02.16,20,Kundgebung oder Veranstaltung,Stoerung,Die Linie 20 faehrt ab 17:35 bis 23:25 infolge einer Veranstaltung bis/ab Wyler. Wankdorf/Bahnhof wird bis 23:25 nicht bedient. Dauer: bis 06.02.2016 ca. 23:25 Uhr.,06.02.16 15:30,06.02.16 23:25,Bern Bahnhof - Wankdorf Bahnhof
Polizei_Feuerwehr_Sanitaet,1308,Sonntag,31,low,2016,1,24.01.16,6,Polizei und Rettung,Stoerung,Auf der Linie 6 faellt infolge eines Rettungseinsatzes der Kurs um 13:11 Uhr ab Worb Dorf Bahnhof Richtung Fischermaetteli aus. Die naechste Abfahrt erfolgt um 13:26 Uhr.  ,24.01.16 13:22,24.01.16 13:52,Fischermätteli - Worb Dorf
Polizei_Feuerwehr_Sanitaet,1309,Sonntag,50,low,2016,1,24.01.16,6,Polizei und Rettung,Stoerung,Auf der Linie 6 faellt infolge eines Rettungseinsatzes der Kurs um 13:56 Uhr ab Fischermaetteli Richtung Worb Dorf Bahnhof aus. Die naechste Abfahrt erfolgt um 14:11 Uhr.  ,24.01.16 13:45,24.01.16 14:34,Fischermätteli - Worb Dorf
Betriebsstoerung,1310,Sonntag,21,verylow,2016,1,24.01.16,3,Betriebsstoerung,Geplante Stoerung,24.01.2016 22:25 Uhr: Auf der Linie 3 ist infolge einer Betriebsstoerung mit Verspaetungen und unregelmaessigem Betrieb zu rechnen. Dauer: ca. 45 Min.,24.01.16 22:25,24.01.16 22:46,Bern Bahnhof - Weissenbühl
Betriebsstoerung,1311,Montag,20,verylow,2016,1,25.01.16,6,Betriebsstoerung,Geplante Stoerung,25.01.2016 08:09 Uhr: Auf der Linie 6 ist infolge einer Betriebsstoerung mit Verspaetungen und unregelmaessigem Betrieb zu rechnen. Dauer: unbestimmt.,25.01.16 08:09,25.01.16 08:29,Fischermätteli - Worb Dorf
Verspaetungen_Allgemein,1312,Montag,45,low,2016,1,25.01.16,9,Verspaetungen Allgemein,Stoerung,Die Linie 9 wird infolge falsch parkiertem Fahrzeug von Wabern via Weissenbuehl zum Bahnhof Bern umgeleitet. Die Haltestellen Wander Sulgenau und Monbijou werden nicht bedient. Bitte die Linie 19 zum Bahnhof benutzen. Es ist mit Verspaetungen und unregelmaessigem Betrieb zu rechnen.,25.01.16 08:27,25.01.16 09:12,Wabern - Wankdorf Bahnhof
Verspaetungen_Allgemein,1313,Montag,38,low,2016,1,25.01.16,9,Verspaetungen Allgemein,Stoerung,Die Linie 9 ist wieder durchgehend befahrbar es kommt jedoch weiterhin zu Verspaetungen und unregelmaessigem Betrieb.,25.01.16 08:34,25.01.16 09:12,Wabern - Wankdorf Bahnhof
Verspaetungen_Allgemein,1314,Montag,23,verylow,2016,1,25.01.16,9,Verspaetungen Allgemein,Stoerung,Die Linie 9 ist wieder durchgehend befahrbar es kommt jedoch weiterhin zu Verspaetungen und unregelmaessigem Betrieb.,25.01.16 08:49,25.01.16 09:11,Wabern - Wankdorf Bahnhof
Fahrzeugpanne,1315,Montag,90,low,2016,1,25.01.16,6,Fahrzeugpanne,Geplante Stoerung,25.01.2016 10:30 Uhr: Auf den Linien 6 7 und 8 ist infolge einer Fahrzeugpanne mit Verspaetungen und unregelmaessigem Betrieb zu rechnen. Tramersatzbusse sind im Einsatz. Dauer: unbestimmt.,25.01.16 10:31,25.01.16 12:01,Fischermätteli - Worb Dorf
Fahrzeugpanne,1316,Montag,90,low,2016,1,25.01.16,7,Fahrzeugpanne,Geplante Stoerung,25.01.2016 10:30 Uhr: Auf den Linien 6 7 und 8 ist infolge einer Fahrzeugpanne mit Verspaetungen und unregelmaessigem Betrieb zu rechnen. Tramersatzbusse sind im Einsatz. Dauer: unbestimmt.,25.01.16 10:31,25.01.16 12:01,Bümpliz - Ostring
Fahrzeugpanne,1317,Montag,90,low,2016,1,25.01.16,8,Fahrzeugpanne,Geplante Stoerung,25.01.2016 10:30 Uhr: Auf den Linien 6 7 und 8 ist infolge einer Fahrzeugpanne mit Verspaetungen und unregelmaessigem Betrieb zu rechnen. Tramersatzbusse sind im Einsatz. Dauer: unbestimmt.,25.01.16 10:31,25.01.16 12:01,Brünnen Westside Bahnhof - Saali
Sonstige_Stoerungen,1318,Montag,30,verylow,2016,1,25.01.16,6,Sonstige Stoerungen,Stoerung,Linie 6: Reisende bis Fischermaetteli koennen alternativ ab Bern Bahnhof die Linie 17 benutzen.,25.01.16 11:20,25.01.16 11:50,Fischermätteli - Worb Dorf
Fahrzeugpanne,1319,Montag,40,low,2016,1,25.01.16,7,Fahrzeugpanne,Geplante Stoerung,25.01.2016 10:30 Uhr: Auf den Linien 6 7 und 8 ist infolge einer Fahrzeugpanne mit Verspaetungen und unregelmaessigem Betrieb zu rechnen. Tramersatzbusse sind im Einsatz. Dauer: unbestimmt.,25.01.16 10:59,25.01.16 11:39,Bümpliz - Ostring
Fahrzeugpanne,1320,Montag,40,low,2016,1,25.01.16,8,Fahrzeugpanne,Geplante Stoerung,25.01.2016 10:30 Uhr: Auf den Linien 6 7 und 8 ist infolge einer Fahrzeugpanne mit Verspaetungen und unregelmaessigem Betrieb zu rechnen. Tramersatzbusse sind im Einsatz. Dauer: unbestimmt.,25.01.16 10:59,25.01.16 11:39,Brünnen Westside Bahnhof - Saali
Fahrzeugpanne,1321,Montag,40,low,2016,1,25.01.16,6,Fahrzeugpanne,Geplante Stoerung,25.01.2016 10:30 Uhr: Auf den Linien 6 7 und 8 ist infolge einer Fahrzeugpanne mit Verspaetungen und unregelmaessigem Betrieb zu rechnen. Tramersatzbusse sind im Einsatz. Dauer: unbestimmt.,25.01.16 10:59,25.01.16 11:39,Fischermätteli - Worb Dorf
Fahrzeugpanne,1322,Montag,62,low,2016,1,25.01.16,6,Fahrzeugpanne,Geplante Stoerung,25.01.2016 10:59 Uhr: Auf der Linie 6 ist infolge einer Fahrzeugpanne mit Verspaetungen und unregelmaessigem Betrieb zu rechnen. Dauer: unbestimmt.,25.01.16 10:59,25.01.16 12:00,Fischermätteli - Worb Dorf
Betriebsstoerung,1323,Montag,6,verylow,2016,1,25.01.16,160,Betriebsstoerung,Geplante Stoerung,25.01.2016 16:35 Uhr: Auf der Linie 160 ist infolge einer Betriebsstoerung mit unregelmaessigem Betrieb zu rechnen. Dauer: unbestimmt.,25.01.16 16:35,25.01.16 16:40,Konolfingen - Belp
Verkehrsueberlastung,1324,Dienstag,49,low,2016,1,26.01.16,10,Verkehrsueberlastung,Geplante Stoerung,26.01.2016 17:48 Uhr: Auf der Linie 10 ist infolge Verkehrueberlastung mit Verspaetungen und Kursausfaellen zu rechnen. Dauer: unbestimmt.,26.01.16 17:49,26.01.16 18:38,Köniz Schliern - Ostermundigen Rüti
Verkehrsunfall,1325,Mittwoch,26,verylow,2016,1,27.01.16,11,Verkehrsunfall,Stoerung,Auf der Linie 11 ist infolge eines Unfalls mit unregelmaessigem Betrieb zu rechnen.,27.01.16 17:39,27.01.16 18:04,Holligen - Neufeld P+R
Verkehrsueberlastung,1326,Mittwoch,60,low,2016,1,27.01.16,9,Verkehrsueberlastung,Stoerung,Auf der Linie 9 ist infolge Verkehrueberlastung mit unregelmaessigem Betrieb zu rechnen.,27.01.16 18:04,27.01.16 19:04,Wabern - Wankdorf Bahnhof
Betriebsstoerung,1327,Freitag,477,medium,2016,1,29.01.16,160,Betriebsstoerung,Geplante Stoerung,29.01.2016 07:20 Uhr: Auf den Linien 160 331 332 und 334 ist infolge einer Betriebsstoerung beim Zugsverkehr zwischen Bern und Thun mit unregelmaessigem Betrieb zu rechnen. Anschluesse sind nicht gewaehrleistet. Dauer: ca. 2h.,29.01.16 07:22,29.01.16 15:18,Konolfingen - Belp
Fahrzeugpanne,1328,Sonntag,42,low,2016,1,31.01.16,6,Fahrzeugpanne,Geplante Stoerung,31.01.2016 00:03 Uhr: Auf den Linien 6 7 8 9 und 12 ist infolge einer Fahrzeugpanne mit Verspaetungen und unregelmaessigem Betrieb zu rechnen. Dauer: unbestimmt.,31.01.16 00:11,31.01.16 00:52,Fischermätteli - Worb Dorf
Fahrzeugpanne,1329,Sonntag,42,low,2016,1,31.01.16,7,Fahrzeugpanne,Geplante Stoerung,31.01.2016 00:03 Uhr: Auf den Linien 6 7 8 9 und 12 ist infolge einer Fahrzeugpanne mit Verspaetungen und unregelmaessigem Betrieb zu rechnen. Dauer: unbestimmt.,31.01.16 00:11,31.01.16 00:52,Bümpliz - Ostring
Fahrzeugpanne,1330,Sonntag,42,low,2016,1,31.01.16,8,Fahrzeugpanne,Geplante Stoerung,31.01.2016 00:03 Uhr: Auf den Linien 6 7 8 9 und 12 ist infolge einer Fahrzeugpanne mit Verspaetungen und unregelmaessigem Betrieb zu rechnen. Dauer: unbestimmt.,31.01.16 00:11,31.01.16 00:52,Brünnen Westside Bahnhof - Saali
Fahrzeugpanne,1331,Sonntag,42,low,2016,1,31.01.16,9,Fahrzeugpanne,Geplante Stoerung,31.01.2016 00:03 Uhr: Auf den Linien 6 7 8 9 und 12 ist infolge einer Fahrzeugpanne mit Verspaetungen und unregelmaessigem Betrieb zu rechnen. Dauer: unbestimmt.,31.01.16 00:11,31.01.16 00:52,Wabern - Wankdorf Bahnhof
Fahrzeugpanne,1332,Sonntag,42,low,2016,1,31.01.16,12,Fahrzeugpanne,Geplante Stoerung,31.01.2016 00:03 Uhr: Auf den Linien 6 7 8 9 und 12 ist infolge einer Fahrzeugpanne mit Verspaetungen und unregelmaessigem Betrieb zu rechnen. Dauer: unbestimmt.,31.01.16 00:11,31.01.16 00:52,Längasse - Zentrum Paul Klee
Fahrzeugpanne,1333,Sonntag,65,low,2016,1,31.01.16,6,Fahrzeugpanne,Stoerung,Auf der Linie 6 faellt infolge einer Fahrzeugpanne der Kurs um 10:55 Uhr ab Bern Bahnhof Richtung Fischermaetteli aus. Die naechste Abfahrt erfolgt um 11:10 Uhr.  ,31.01.16 10:46,31.01.16 11:50,Fischermätteli - Worb Dorf
Fahrzeugpanne,1334,Sonntag,62,low,2016,1,31.01.16,6,Fahrzeugpanne,Stoerung,Auf der Linie 6 faellt infolge einer Fahrzeugpanne der Kurs um 11:11 Uhr ab Fischermaetteli Richtung Worb Dorf Bahnhof aus. Die naechste Abfahrt erfolgt um 11:26 Uhr.  ,31.01.16 10:49,31.01.16 11:50,Fischermätteli - Worb Dorf
Fahrzeugpanne,1335,Montag,96,low,2016,2,01.02.16,6,Fahrzeugpanne,Stoerung,Auf der Linie 6 faellt infolge einer Fahrzeugpanne der Kurs um 21:55 Uhr ab Bern Bahnhof Richtung Fischermaetteli aus. Die naechste Abfahrt erfolgt um 22:10 Uhr.  ,01.02.16 21:51,01.02.16 23:26,Fischermätteli - Worb Dorf
Fahrzeugpanne,1336,Montag,84,low,2016,2,01.02.16,6,Fahrzeugpanne,Stoerung,Auf der Linie 6 faellt infolge einer Fahrzeugpanne der Kurs um 22:11 Uhr ab Fischermaetteli Richtung Bern Bahnhof aus. Die naechste Abfahrt erfolgt um 22:26 Uhr.  ,01.02.16 22:03,01.02.16 23:27,Fischermätteli - Worb Dorf
Betriebsstoerung,1337,Mittwoch,66,low,2016,2,03.02.16,7,Betriebsstoerung,Stoerung,Auf der Linie 7 ist infolge einer Betriebsstoerung mit unregelmaessigem Betrieb zu rechnen.,03.02.16 06:48,03.02.16 07:53,Bümpliz - Ostring
Fahrzeugpanne,1338,Mittwoch,47,low,2016,2,03.02.16,11,Fahrzeugpanne,Stoerung,Auf der Linie 11 ist infolge einer Fahrzeugpanne mit unregelmaessigem Betrieb zu rechnen.,03.02.16 09:43,03.02.16 10:30,Holligen - Neufeld P+R
Verkehrsueberlastung,1339,Mittwoch,106,low,2016,2,03.02.16,20,Verkehrsueberlastung,Geplante Stoerung,03.02.2016 17:09 Uhr: Auf der Linie 20 ist infolge Verkehrueberlastung mit unregelmaessigem Betrieb zu rechnen. Dauer: unbestimmt.,03.02.16 17:09,03.02.16 18:55,Bern Bahnhof - Wankdorf Bahnhof
Kundgebung_oder_Veranstaltung,1340,Sonntag,176,medium,2016,2,14.02.16,12,Kundgebung oder Veranstaltung,Stoerung,Die Linie 12 ist infolge der Baerner Fasnacht / Aufraeumungsarbeiten zwischen Zytglogge und Nydegg via Brunn- und Postgasshalde umgeleitet. Bis 14.02.2016 ca. 08:00 Uhr.,14.02.16 05:00,14.02.16 07:55,Längasse - Zentrum Paul Klee
Verkehrsueberlastung,1341,Freitag,58,low,2016,2,05.02.16,9,Verkehrsueberlastung,Stoerung,Auf der Linie 9 ist infolge Verkehrueberlastung mit Verspaetungen und unregelmaessigem Betrieb zu rechnen. Dauer: bis 05.02.2016 ca. 19:30 Uhr.,05.02.16 18:15,05.02.16 19:12,Wabern - Wankdorf Bahnhof
Fahrzeugpanne,1342,Samstag,37,low,2016,2,06.02.16,12,Fahrzeugpanne,Geplante Stoerung,06.02.2016 14:28 Uhr: Auf der Linie 12 ist infolge einer Fahrzeugpanne mit Verspaetungen und unregelmaessigem Betrieb zu rechnen. Dauer: unbestimmt.,06.02.16 14:29,06.02.16 15:05,Längasse - Zentrum Paul Klee
Betriebsstoerung,1343,Samstag,89,low,2016,2,06.02.16,10,Betriebsstoerung,Geplante Stoerung,06.02.2016 14:18 Uhr: Auf den Linien 6 7 8 9 10 12 und 19 ist infolge einer Betriebsstoerung mit Verspaetungen und unregelmaessigem Betrieb zu rechnen. Dauer: unbestimmt.,06.02.16 14:18,06.02.16 15:46,Köniz Schliern - Ostermundigen Rüti
Betriebsstoerung,1344,Samstag,89,low,2016,2,06.02.16,19,Betriebsstoerung,Geplante Stoerung,06.02.2016 14:18 Uhr: Auf den Linien 6 7 8 9 10 12 und 19 ist infolge einer Betriebsstoerung mit Verspaetungen und unregelmaessigem Betrieb zu rechnen. Dauer: unbestimmt.,06.02.16 14:18,06.02.16 15:46,Blinzern - Elfenau
Betriebsstoerung,1345,Samstag,89,low,2016,2,06.02.16,6,Betriebsstoerung,Geplante Stoerung,06.02.2016 14:18 Uhr: Auf den Linien 6 7 8 9 10 12 und 19 ist infolge einer Betriebsstoerung mit Verspaetungen und unregelmaessigem Betrieb zu rechnen. Dauer: unbestimmt.,06.02.16 14:18,06.02.16 15:46,Fischermätteli - Worb Dorf
Betriebsstoerung,1346,Samstag,89,low,2016,2,06.02.16,7,Betriebsstoerung,Geplante Stoerung,06.02.2016 14:18 Uhr: Auf den Linien 6 7 8 9 10 12 und 19 ist infolge einer Betriebsstoerung mit Verspaetungen und unregelmaessigem Betrieb zu rechnen. Dauer: unbestimmt.,06.02.16 14:18,06.02.16 15:46,Bümpliz - Ostring
Betriebsstoerung,1347,Samstag,89,low,2016,2,06.02.16,8,Betriebsstoerung,Geplante Stoerung,06.02.2016 14:18 Uhr: Auf den Linien 6 7 8 9 10 12 und 19 ist infolge einer Betriebsstoerung mit Verspaetungen und unregelmaessigem Betrieb zu rechnen. Dauer: unbestimmt.,06.02.16 14:18,06.02.16 15:46,Brünnen Westside Bahnhof - Saali
Betriebsstoerung,1348,Samstag,89,low,2016,2,06.02.16,9,Betriebsstoerung,Geplante Stoerung,06.02.2016 14:18 Uhr: Auf den Linien 6 7 8 9 10 12 und 19 ist infolge einer Betriebsstoerung mit Verspaetungen und unregelmaessigem Betrieb zu rechnen. Dauer: unbestimmt.,06.02.16 14:18,06.02.16 15:46,Wabern - Wankdorf Bahnhof
Betriebsstoerung,1349,Samstag,89,low,2016,2,06.02.16,12,Betriebsstoerung,Geplante Stoerung,06.02.2016 14:18 Uhr: Auf den Linien 6 7 8 9 10 12 und 19 ist infolge einer Betriebsstoerung mit Verspaetungen und unregelmaessigem Betrieb zu rechnen. Dauer: unbestimmt.,06.02.16 14:18,06.02.16 15:46,Längasse - Zentrum Paul Klee
Kundgebung_oder_Veranstaltung,1350,Samstag,3,verylow,2016,2,06.02.16,10,Kundgebung oder Veranstaltung,Geplante Stoerung,06.02.2016 15:12 Uhr: Auf den Linien 10 und 19 ist infolge einer Kundgebung die Strecke zwischen Bern Bahnhof und Zytglogge via Baerenplatz umgeleitet. Dauer: unbestimmt.  ,06.02.16 15:12,06.02.16 15:14,Köniz Schliern - Ostermundigen Rüti
Kundgebung_oder_Veranstaltung,1351,Samstag,3,verylow,2016,2,06.02.16,19,Kundgebung oder Veranstaltung,Geplante Stoerung,06.02.2016 15:12 Uhr: Auf den Linien 10 und 19 ist infolge einer Kundgebung die Strecke zwischen Bern Bahnhof und Zytglogge via Baerenplatz umgeleitet. Dauer: unbestimmt.  ,06.02.16 15:12,06.02.16 15:14,Blinzern - Elfenau
Betriebsstoerung,1352,Samstag,103,low,2016,2,06.02.16,12,Betriebsstoerung,Geplante Stoerung,06.02.2016 14:18 Uhr: Auf den Linien 6 7 8 9 und 12 ist infolge einer Betriebsstoerung mit Verspaetungen und unregelmaessigem Betrieb zu rechnen. Dauer: unbestimmt.,06.02.16 14:18,06.02.16 16:01,Längasse - Zentrum Paul Klee
Betriebsstoerung,1353,Samstag,103,low,2016,2,06.02.16,6,Betriebsstoerung,Geplante Stoerung,06.02.2016 14:18 Uhr: Auf den Linien 6 7 8 9 und 12 ist infolge einer Betriebsstoerung mit Verspaetungen und unregelmaessigem Betrieb zu rechnen. Dauer: unbestimmt.,06.02.16 14:18,06.02.16 16:01,Fischermätteli - Worb Dorf
Betriebsstoerung,1354,Samstag,103,low,2016,2,06.02.16,7,Betriebsstoerung,Geplante Stoerung,06.02.2016 14:18 Uhr: Auf den Linien 6 7 8 9 und 12 ist infolge einer Betriebsstoerung mit Verspaetungen und unregelmaessigem Betrieb zu rechnen. Dauer: unbestimmt.,06.02.16 14:18,06.02.16 16:01,Bümpliz - Ostring
Betriebsstoerung,1355,Samstag,103,low,2016,2,06.02.16,8,Betriebsstoerung,Geplante Stoerung,06.02.2016 14:18 Uhr: Auf den Linien 6 7 8 9 und 12 ist infolge einer Betriebsstoerung mit Verspaetungen und unregelmaessigem Betrieb zu rechnen. Dauer: unbestimmt.,06.02.16 14:18,06.02.16 16:01,Brünnen Westside Bahnhof - Saali
Betriebsstoerung,1356,Samstag,103,low,2016,2,06.02.16,9,Betriebsstoerung,Geplante Stoerung,06.02.2016 14:18 Uhr: Auf den Linien 6 7 8 9 und 12 ist infolge einer Betriebsstoerung mit Verspaetungen und unregelmaessigem Betrieb zu rechnen. Dauer: unbestimmt.,06.02.16 14:18,06.02.16 16:01,Wabern - Wankdorf Bahnhof
Betriebsstoerung,1357,Samstag,134,medium,2016,2,06.02.16,9,Betriebsstoerung,Geplante Stoerung,06.02.2016 14:18 Uhr: Auf den Linien 6 8 und 9 ist infolge einer Betriebsstoerung mit Verspaetungen und unregelmaessigem Betrieb zu rechnen. Dauer: unbestimmt.,06.02.16 14:18,06.02.16 16:31,Wabern - Wankdorf Bahnhof
Betriebsstoerung,1358,Samstag,134,medium,2016,2,06.02.16,6,Betriebsstoerung,Geplante Stoerung,06.02.2016 14:18 Uhr: Auf den Linien 6 8 und 9 ist infolge einer Betriebsstoerung mit Verspaetungen und unregelmaessigem Betrieb zu rechnen. Dauer: unbestimmt.,06.02.16 14:18,06.02.16 16:31,Fischermätteli - Worb Dorf
Betriebsstoerung,1359,Samstag,134,medium,2016,2,06.02.16,8,Betriebsstoerung,Geplante Stoerung,06.02.2016 14:18 Uhr: Auf den Linien 6 8 und 9 ist infolge einer Betriebsstoerung mit Verspaetungen und unregelmaessigem Betrieb zu rechnen. Dauer: unbestimmt.,06.02.16 14:18,06.02.16 16:31,Brünnen Westside Bahnhof - Saali
Betriebsstoerung,1360,Samstag,134,medium,2016,2,06.02.16,7,Betriebsstoerung,Geplante Stoerung,06.02.2016 14:18 Uhr: Auf den Linien 6 7 8 und 9 ist infolge einer Betriebsstoerung mit Verspaetungen und unregelmaessigem Betrieb zu rechnen. Dauer: unbestimmt.,06.02.16 14:18,06.02.16 16:31,Bümpliz - Ostring
Betriebsstoerung,1361,Samstag,134,medium,2016,2,06.02.16,6,Betriebsstoerung,Geplante Stoerung,06.02.2016 14:18 Uhr: Auf den Linien 6 7 8 und 9 ist infolge einer Betriebsstoerung mit Verspaetungen und unregelmaessigem Betrieb zu rechnen. Dauer: unbestimmt.,06.02.16 14:18,06.02.16 16:31,Fischermätteli - Worb Dorf
Betriebsstoerung,1362,Samstag,134,medium,2016,2,06.02.16,8,Betriebsstoerung,Geplante Stoerung,06.02.2016 14:18 Uhr: Auf den Linien 6 7 8 und 9 ist infolge einer Betriebsstoerung mit Verspaetungen und unregelmaessigem Betrieb zu rechnen. Dauer: unbestimmt.,06.02.16 14:18,06.02.16 16:31,Brünnen Westside Bahnhof - Saali
Betriebsstoerung,1363,Samstag,134,medium,2016,2,06.02.16,9,Betriebsstoerung,Geplante Stoerung,06.02.2016 14:18 Uhr: Auf den Linien 6 7 8 und 9 ist infolge einer Betriebsstoerung mit Verspaetungen und unregelmaessigem Betrieb zu rechnen. Dauer: unbestimmt.,06.02.16 14:18,06.02.16 16:31,Wabern - Wankdorf Bahnhof
Betriebsstoerung,1364,Samstag,199,medium,2016,2,06.02.16,6,Betriebsstoerung,Geplante Stoerung,06.02.2016 14:18 Uhr: Auf den Linien 6 und 8 ist infolge einer Betriebsstoerung mit Verspaetungen und unregelmaessigem Betrieb zu rechnen. Dauer: unbestimmt.,06.02.16 14:18,06.02.16 17:36,Fischermätteli - Worb Dorf
Betriebsstoerung,1365,Samstag,199,medium,2016,2,06.02.16,8,Betriebsstoerung,Geplante Stoerung,06.02.2016 14:18 Uhr: Auf den Linien 6 und 8 ist infolge einer Betriebsstoerung mit Verspaetungen und unregelmaessigem Betrieb zu rechnen. Dauer: unbestimmt.,06.02.16 14:18,06.02.16 17:36,Brünnen Westside Bahnhof - Saali
Betriebsstoerung,1366,Samstag,211,medium,2016,2,06.02.16,8,Betriebsstoerung,Geplante Stoerung,06.02.2016 14:18 Uhr: Auf der Linie 8 ist infolge einer Betriebsstoerung mit Verspaetungen und unregelmaessigem Betrieb zu rechnen. Dauer: unbestimmt.,06.02.16 14:18,06.02.16 17:49,Brünnen Westside Bahnhof - Saali
Fahrzeugpanne,1367,Montag,51,low,2016,2,08.02.16,6,Fahrzeugpanne,Stoerung,Auf der Linie 6 ist infolge einer Fahrzeugpanne mit unregelmaessigem Betrieb zu rechnen.,08.02.16 11:48,08.02.16 12:38,Fischermätteli - Worb Dorf
Verkehrsueberlastung,1368,Montag,644,medium,2016,2,08.02.16,20,Verkehrsueberlastung,Geplante Stoerung,08.02.2016 18:56 Uhr: Auf der Linie 20 ist infolge Verkehrueberlastung mit Verspaetungen und unregelmaessigem Betrieb zu rechnen. Dauer: ca. 30 Min.,08.02.16 18:57,09.02.16 05:41,Bern Bahnhof - Wankdorf Bahnhof
Kundgebung_oder_Veranstaltung,1369,Donnerstag,347,medium,2016,2,11.02.16,6,Kundgebung oder Veranstaltung,Stoerung,Auf den Linien 6 7 8 9 10 12 19 und 30 ist vom 11.02.2016 bis 13.02.2016 infolge der Berner Fasnacht mit Umleitungen und unregelmaessigem Betrieb zu rechnen.,11.02.16 19:00,13.02.16 23:59,Fischermätteli - Worb Dorf
Kundgebung_oder_Veranstaltung,1370,Donnerstag,347,medium,2016,2,11.02.16,7,Kundgebung oder Veranstaltung,Stoerung,Auf den Linien 6 7 8 9 10 12 19 und 30 ist vom 11.02.2016 bis 13.02.2016 infolge der Berner Fasnacht mit Umleitungen und unregelmaessigem Betrieb zu rechnen.,11.02.16 19:00,13.02.16 23:59,Bümpliz - Ostring
Kundgebung_oder_Veranstaltung,1371,Donnerstag,347,medium,2016,2,11.02.16,8,Kundgebung oder Veranstaltung,Stoerung,Auf den Linien 6 7 8 9 10 12 19 und 30 ist vom 11.02.2016 bis 13.02.2016 infolge der Berner Fasnacht mit Umleitungen und unregelmaessigem Betrieb zu rechnen.,11.02.16 19:00,13.02.16 23:59,Brünnen Westside Bahnhof - Saali
Kundgebung_oder_Veranstaltung,1372,Donnerstag,347,medium,2016,2,11.02.16,9,Kundgebung oder Veranstaltung,Stoerung,Auf den Linien 6 7 8 9 10 12 19 und 30 ist vom 11.02.2016 bis 13.02.2016 infolge der Berner Fasnacht mit Umleitungen und unregelmaessigem Betrieb zu rechnen.,11.02.16 19:00,13.02.16 23:59,Wabern - Wankdorf Bahnhof
Kundgebung_oder_Veranstaltung,1373,Donnerstag,347,medium,2016,2,11.02.16,10,Kundgebung oder Veranstaltung,Stoerung,Auf den Linien 6 7 8 9 10 12 19 und 30 ist vom 11.02.2016 bis 13.02.2016 infolge der Berner Fasnacht mit Umleitungen und unregelmaessigem Betrieb zu rechnen.,11.02.16 19:00,13.02.16 23:59,Köniz Schliern - Ostermundigen Rüti
Kundgebung_oder_Veranstaltung,1374,Donnerstag,347,medium,2016,2,11.02.16,12,Kundgebung oder Veranstaltung,Stoerung,Auf den Linien 6 7 8 9 10 12 19 und 30 ist vom 11.02.2016 bis 13.02.2016 infolge der Berner Fasnacht mit Umleitungen und unregelmaessigem Betrieb zu rechnen.,11.02.16 19:00,13.02.16 23:59,Längasse - Zentrum Paul Klee
Kundgebung_oder_Veranstaltung,1375,Donnerstag,347,medium,2016,2,11.02.16,19,Kundgebung oder Veranstaltung,Stoerung,Auf den Linien 6 7 8 9 10 12 19 und 30 ist vom 11.02.2016 bis 13.02.2016 infolge der Berner Fasnacht mit Umleitungen und unregelmaessigem Betrieb zu rechnen.,11.02.16 19:00,13.02.16 23:59,Blinzern - Elfenau
Kundgebung_oder_Veranstaltung,1376,Dienstag,105,low,2016,2,09.02.16,10,Kundgebung oder Veranstaltung,Stoerung,Die Linien 10 und 19 werden infolge einer Veranstaltung auf dem Bundesplatz stadtauswaerts durch die Spital-/Marktgasse umgeleitet. Dauer: bis 09.02.2016 ca. 22:00 Uhr.,09.02.16 20:15,09.02.16 22:00,Köniz Schliern - Ostermundigen Rüti
Kundgebung_oder_Veranstaltung,1377,Dienstag,105,low,2016,2,09.02.16,19,Kundgebung oder Veranstaltung,Stoerung,Die Linien 10 und 19 werden infolge einer Veranstaltung auf dem Bundesplatz stadtauswaerts durch die Spital-/Marktgasse umgeleitet. Dauer: bis 09.02.2016 ca. 22:00 Uhr.,09.02.16 20:15,09.02.16 22:00,Blinzern - Elfenau
Fahrzeugpanne,1378,Mittwoch,76,low,2016,2,10.02.16,6,Fahrzeugpanne,Stoerung,Auf den Linien 6 7 8 und 9 ist infolge einer Fahrzeugpanne mit unregelmaessigem Betrieb zu rechnen. Dauer: unbestimmt.,10.02.16 06:20,10.02.16 07:36,Fischermätteli - Worb Dorf
Fahrzeugpanne,1379,Mittwoch,76,low,2016,2,10.02.16,7,Fahrzeugpanne,Stoerung,Auf den Linien 6 7 8 und 9 ist infolge einer Fahrzeugpanne mit unregelmaessigem Betrieb zu rechnen. Dauer: unbestimmt.,10.02.16 06:20,10.02.16 07:36,Bümpliz - Ostring
Fahrzeugpanne,1380,Mittwoch,76,low,2016,2,10.02.16,8,Fahrzeugpanne,Stoerung,Auf den Linien 6 7 8 und 9 ist infolge einer Fahrzeugpanne mit unregelmaessigem Betrieb zu rechnen. Dauer: unbestimmt.,10.02.16 06:20,10.02.16 07:36,Brünnen Westside Bahnhof - Saali
Fahrzeugpanne,1381,Mittwoch,76,low,2016,2,10.02.16,9,Fahrzeugpanne,Stoerung,Auf den Linien 6 7 8 und 9 ist infolge einer Fahrzeugpanne mit unregelmaessigem Betrieb zu rechnen. Dauer: unbestimmt.,10.02.16 06:20,10.02.16 07:36,Wabern - Wankdorf Bahnhof
Unregelmaessiger_Betrieb_und_Umleitungen,1382,Mittwoch,73,low,2016,2,10.02.16,17,Unregelmaessiger Betrieb und Umleitungen,Stoerung,Die Linie 17 wird via Fischermaetteli Munzinger umgeleitet. Die Haltestelle Loryplatz wird nicht bedient.,10.02.16 06:23,10.02.16 07:35,Bern Bahnhof - Köniz Weiermatt
Kundgebung_oder_Veranstaltung,1383,Mittwoch,75,low,2016,2,10.02.16,10,Kundgebung oder Veranstaltung,Stoerung,Die Linien 10 und 19 werden infolge einer Veranstaltung auf dem Bundesplatz stadtauswaerts durch die Spital-/Marktgasse umgeleitet. Dauer: bis 10.02.2016 ca. 09:00 Uhr.,10.02.16 07:45,10.02.16 09:00,Köniz Schliern - Ostermundigen Rüti
Kundgebung_oder_Veranstaltung,1384,Mittwoch,75,low,2016,2,10.02.16,19,Kundgebung oder Veranstaltung,Stoerung,Die Linien 10 und 19 werden infolge einer Veranstaltung auf dem Bundesplatz stadtauswaerts durch die Spital-/Marktgasse umgeleitet. Dauer: bis 10.02.2016 ca. 09:00 Uhr.,10.02.16 07:45,10.02.16 09:00,Blinzern - Elfenau
Kundgebung_oder_Veranstaltung,1385,Mittwoch,680,medium,2016,2,10.02.16,10,Kundgebung oder Veranstaltung,Stoerung,Die Linien 10 und 19 werden infolge einer Veranstaltung auf dem Bundesplatz stadtauswaerts durch die Spital-/Marktgasse umgeleitet. Dauer: bis 11.02.2016 ca. 00:20 Uhr.,10.02.16 13:00,11.02.16 00:20,Köniz Schliern - Ostermundigen Rüti
Kundgebung_oder_Veranstaltung,1386,Mittwoch,680,medium,2016,2,10.02.16,19,Kundgebung oder Veranstaltung,Stoerung,Die Linien 10 und 19 werden infolge einer Veranstaltung auf dem Bundesplatz stadtauswaerts durch die Spital-/Marktgasse umgeleitet. Dauer: bis 11.02.2016 ca. 00:20 Uhr.,10.02.16 13:00,11.02.16 00:20,Blinzern - Elfenau
Fahrzeugpanne,1387,Donnerstag,61,low,2016,2,11.02.16,160,Fahrzeugpanne,Stoerung,Auf der Linie 160 faellt infolge einer Fahrzeugpanne der Kurs um 07:23 Uhr ab Muensingen Bahnhof Richtung Konolfingen Dorf aus. Die naechste Abfahrt erfolgt um 08:02 Uhr.  ,11.02.16 07:34,11.02.16 08:34,Konolfingen - Belp
Fahrzeugpanne,1388,Donnerstag,57,low,2016,2,11.02.16,160,Fahrzeugpanne,Stoerung,Auf der Linie 160 faellt infolge einer Fahrzeugpanne der Kurs um 07:59 Uhr ab Konolfingen Dorf Richtung Muensingen Bahnhof aus. Die naechste Abfahrt erfolgt um 08:27 Uhr.  ,11.02.16 07:38,11.02.16 08:34,Konolfingen - Belp
Kundgebung_oder_Veranstaltung,1389,Donnerstag,120,low,2016,2,11.02.16,10,Kundgebung oder Veranstaltung,Stoerung,Die Linien 10 und 19 werden infolge einer Veranstaltung auf dem Bundesplatz stadtauswaerts durch die Spital-/Marktgasse umgeleitet. Dauer: bis 11.02.2016 ca. 10:00 Uhr.,11.02.16 08:00,11.02.16 10:00,Köniz Schliern - Ostermundigen Rüti
Kundgebung_oder_Veranstaltung,1390,Donnerstag,120,low,2016,2,11.02.16,19,Kundgebung oder Veranstaltung,Stoerung,Die Linien 10 und 19 werden infolge einer Veranstaltung auf dem Bundesplatz stadtauswaerts durch die Spital-/Marktgasse umgeleitet. Dauer: bis 11.02.2016 ca. 10:00 Uhr.,11.02.16 08:00,11.02.16 10:00,Blinzern - Elfenau
Fahrzeugpanne,1391,Donnerstag,7,verylow,2016,2,11.02.16,6,Fahrzeugpanne,Geplante Stoerung,11.02.2016 12:00 Uhr: Auf der Linie 6 ist infolge einer Fahrzeugpanne die Strecke zwischen Bern Bahnhof und Fischermaetteli mit Shuttlebussen bedient. Dauer: unbestimmt.,11.02.16 12:01,11.02.16 12:08,Fischermätteli - Worb Dorf
Fahrzeugpanne,1392,Donnerstag,7,verylow,2016,2,11.02.16,6,Fahrzeugpanne,Geplante Stoerung,11.02.2016 12:00 Uhr: Auf der Linie 6 ist infolge einer Fahrzeugpanne die Strecke zwischen Bern Bahnhof und Fischermaetteli mit Shuttlebussen bedient. Dauer: unbestimmt.,11.02.16 12:01,11.02.16 12:08,Fischermätteli - Worb Dorf
Verspaetungen_Allgemein,1393,Donnerstag,15,verylow,2016,2,11.02.16,6,Verspaetungen Allgemein,Geplante Stoerung,11.02.2016 12:08 Uhr: Die Linie 6 ist wieder durchgehend befahrbar. Es muss aber noch mit Verspaetungen und Kursausfaellen gerechnet werden.,11.02.16 12:10,11.02.16 12:24,Fischermätteli - Worb Dorf
Verspaetungen_Allgemein,1394,Donnerstag,15,verylow,2016,2,11.02.16,6,Verspaetungen Allgemein,Geplante Stoerung,11.02.2016 12:08 Uhr: Die Linie 6 ist wieder durchgehend befahrbar. Es muss aber noch mit Verspaetungen und Kursausfaellen gerechnet werden.,11.02.16 12:10,11.02.16 12:24,Fischermätteli - Worb Dorf
Kundgebung_oder_Veranstaltung,1395,Donnerstag,1146,high,2016,2,18.02.16,10,Kundgebung oder Veranstaltung,Stoerung,Auf den Linien 10 und 19 ist infolge einer Veranstaltung die Strecke zwischen Bern Bahnhof und Zytglogge via Baerenplatz umgeleitet. Linie 10 faehrt ab Perron A. Dauer: bis Betriebsschluss,18.02.16 10:00,19.02.16 05:06,Köniz Schliern - Ostermundigen Rüti
Kundgebung_oder_Veranstaltung,1396,Donnerstag,1146,high,2016,2,18.02.16,19,Kundgebung oder Veranstaltung,Stoerung,Auf den Linien 10 und 19 ist infolge einer Veranstaltung die Strecke zwischen Bern Bahnhof und Zytglogge via Baerenplatz umgeleitet. Linie 10 faehrt ab Perron A. Dauer: bis Betriebsschluss,18.02.16 10:00,19.02.16 05:06,Blinzern - Elfenau
Kundgebung_oder_Veranstaltung,1397,Freitag,600,medium,2016,2,19.02.16,10,Kundgebung oder Veranstaltung,Stoerung,Auf den Linien 10 und 19 ist infolge einer Veranstaltung die Strecke zwischen Bern Bahnhof und Zytglogge via Baerenplatz umgeleitet. Die Linie 10 faehrt ab Perron A. Dauer: bis 19.02.2016 ca. 17:30 Uhr.,19.02.16 07:30,19.02.16 17:30,Köniz Schliern - Ostermundigen Rüti
Kundgebung_oder_Veranstaltung,1398,Freitag,600,medium,2016,2,19.02.16,19,Kundgebung oder Veranstaltung,Stoerung,Auf den Linien 10 und 19 ist infolge einer Veranstaltung die Strecke zwischen Bern Bahnhof und Zytglogge via Baerenplatz umgeleitet. Die Linie 10 faehrt ab Perron A. Dauer: bis 19.02.2016 ca. 17:30 Uhr.,19.02.16 07:30,19.02.16 17:30,Blinzern - Elfenau
Kundgebung_oder_Veranstaltung,1399,Samstag,335,medium,2016,2,20.02.16,9,Kundgebung oder Veranstaltung,Stoerung,Auf der Linie 9 ist infolge einer Veranstaltung die Strecke zwischen Guisanplatz Expo und Wankdorf Bahnhof unterbrochen. Dauer: bis 20.02.2016 ca. 23:30 Uhr.,20.02.16 17:55,20.02.16 23:30,Wabern - Wankdorf Bahnhof
Kundgebung_oder_Veranstaltung,1400,Samstag,330,medium,2016,2,20.02.16,20,Kundgebung oder Veranstaltung,Stoerung,Auf der Linie 20 ist infolge einer Veranstaltung die Strecke ab Wyler unterbrochen. Die Haltestelle Wankdorf Bahnhof wird nicht bedient. Dauer bis ca. 23:30 Uhr,20.02.16 18:00,20.02.16 23:30,Bern Bahnhof - Wankdorf Bahnhof
Verkehrsueberlastung,1401,Mittwoch,48,low,2016,2,17.02.16,10,Verkehrsueberlastung,Geplante Stoerung,17.02.2016 17:49 Uhr: Auf der Linie 10 ist infolge Verkehrueberlastung mit Verspaetungen und unregelmaessigem Betrieb zu rechnen. Dauer: unbestimmt.,17.02.16 17:49,17.02.16 18:37,Köniz Schliern - Ostermundigen Rüti
Fahrzeugpanne,1402,Donnerstag,58,low,2016,2,18.02.16,6,Fahrzeugpanne,Geplante Stoerung,18.02.2016 16:13 Uhr: Auf der Linie 6 ist infolge einer Fahrzeugpanne mit Verspaetungen und unregelmaessigem Betrieb zu rechnen. Es fahren Tramersatzbusse Dauer: ca. 1h.,18.02.16 16:14,18.02.16 17:12,Fischermätteli - Worb Dorf
Fahrzeugpanne,1403,Freitag,38,low,2016,2,19.02.16,7,Fahrzeugpanne,Geplante Stoerung,19.02.2016 13:35 Uhr: Auf der Linie 7 ist infolge einer Fahrzeugpanne auf der Strecke zwischen Buempliz und Ostring mit Verspaetungen zu rechnen. Dauer: ca. 30 Min.,19.02.16 13:40,19.02.16 14:17,Bümpliz - Ostring
Verkehrsunfall,1404,Freitag,66,low,2016,2,19.02.16,9,Verkehrsunfall,Geplante Stoerung,19.02.2016 14:40 Uhr: Auf der Linie 9 ist infolge eines Verkehrsunfalls die Strecke zwischen Guisanplatz Expo und Wankdorf Bahnhof unterbrochen. Dauer: unbestimmt.,19.02.16 14:43,19.02.16 15:48,Wabern - Wankdorf Bahnhof
Kundgebung_oder_Veranstaltung,1405,Freitag,59,low,2016,2,19.02.16,9,Kundgebung oder Veranstaltung,Stoerung,Die Linie 9 faehrt infolge einer Veranstaltung bis/ab Guisanplatz. Die Strecke Guisanplatz-Wankdorf wird nicht bedient.,19.02.16 17:48,19.02.16 18:46,Wabern - Wankdorf Bahnhof
Betriebsstoerung,1406,Samstag,33,low,2016,2,20.02.16,7,Betriebsstoerung,Geplante Stoerung,20.02.2016 10:07 Uhr: Auf der Linie 7 ist infolge einer Betriebsstoerung mit Verspaetungen und unregelmaessigem Betrieb zu rechnen. Dauer: ca. 30 Min.,20.02.16 10:07,20.02.16 10:40,Bümpliz - Ostring
Bauarbeiten,1407,Montag,59,low,2016,2,22.02.16,19,Bauarbeiten,Stoerung,Auf den Linien 19 und 28 ist infolge Bauarbeiten mit Verspaetungen und unregelmaessigem Betrieb zu rechnen.,22.02.16 08:51,22.02.16 09:50,Blinzern - Elfenau
Bauarbeiten,1408,Montag,55,low,2016,2,22.02.16,6,Bauarbeiten,Stoerung,Auf den Linien 6 7 und 8 ist infolge Bauarbeiten mit Verspaetungen und unregelmaessigem Betrieb zu rechnen.,22.02.16 08:56,22.02.16 09:50,Fischermätteli - Worb Dorf
Bauarbeiten,1409,Montag,55,low,2016,2,22.02.16,7,Bauarbeiten,Stoerung,Auf den Linien 6 7 und 8 ist infolge Bauarbeiten mit Verspaetungen und unregelmaessigem Betrieb zu rechnen.,22.02.16 08:56,22.02.16 09:50,Bümpliz - Ostring
Bauarbeiten,1410,Montag,55,low,2016,2,22.02.16,8,Bauarbeiten,Stoerung,Auf den Linien 6 7 und 8 ist infolge Bauarbeiten mit Verspaetungen und unregelmaessigem Betrieb zu rechnen.,22.02.16 08:56,22.02.16 09:50,Brünnen Westside Bahnhof - Saali
Verkehrsunfall,1411,Montag,6,verylow,2016,2,22.02.16,10,Verkehrsunfall,Stoerung,"Auf der Linie 10 ist infolge eines Verkehrsunfalls die Strecke zwischen Oberfeld und Ostermundigen Rueti unterbrochen. 
Ersatzhaltestelle bei der Kreuzung Schiessplatzweg/Ruetiweg.",22.02.16 13:13,22.02.16 13:19,Köniz Schliern - Ostermundigen Rüti
Schneefall_Eis,1412,Mittwoch,40,low,2016,2,24.02.16,7,Schneefall oder Eis,Stoerung,Auf den Linien 7 und 8 ist infolge vereister Fahrleitung mit Verspaetungen und unregelmaessigem Betrieb zu rechnen es werden auch Ersatzbusse eingesetzt.,24.02.16 06:23,24.02.16 07:03,Bümpliz - Ostring
Schneefall_Eis,1413,Mittwoch,40,low,2016,2,24.02.16,8,Schneefall oder Eis,Stoerung,Auf den Linien 7 und 8 ist infolge vereister Fahrleitung mit Verspaetungen und unregelmaessigem Betrieb zu rechnen es werden auch Ersatzbusse eingesetzt.,24.02.16 06:23,24.02.16 07:03,Brünnen Westside Bahnhof - Saali
Fahrzeugpanne,1414,Mittwoch,54,low,2016,2,24.02.16,8,Fahrzeugpanne,Stoerung,Auf der Linie 8 ist infolge einer Fahrzeugpanne die Strecke zwischen Holenacker und Bruennen Westside Bahnhof unterbrochen. Ersatzbetrieb mit Bussen wird aufgezogen.,24.02.16 07:40,24.02.16 08:33,Brünnen Westside Bahnhof - Saali
Verkehrsunfall,1415,Mittwoch,73,low,2016,2,24.02.16,12,Verkehrsunfall,Geplante Stoerung,24.02.2016 17:54 Uhr: Auf der Linie 12 ist infolge eines Verkehrsunfalls mit Verspaetungen und unregelmaessigem Betrieb zu rechnen. Dauer: unbestimmt.,24.02.16 17:54,24.02.16 19:06,Längasse - Zentrum Paul Klee
Kundgebung_oder_Veranstaltung,1416,Freitag,112,low,2016,2,26.02.16,3,Kundgebung oder Veranstaltung,Stoerung,Auf den Linien 3 6 7 8 9 10 11 12 20 und 21 ist infolge einer Kundgebung mit unregelmaessigem Betrieb zu rechnen. Dauer: bis 26.02.2016 ca. 21:02 Uhr.,26.02.16 19:03,26.02.16 20:54,Bern Bahnhof - Weissenbühl
Kundgebung_oder_Veranstaltung,1417,Freitag,112,low,2016,2,26.02.16,6,Kundgebung oder Veranstaltung,Stoerung,Auf den Linien 3 6 7 8 9 10 11 12 20 und 21 ist infolge einer Kundgebung mit unregelmaessigem Betrieb zu rechnen. Dauer: bis 26.02.2016 ca. 21:02 Uhr.,26.02.16 19:03,26.02.16 20:54,Fischermätteli - Worb Dorf
Kundgebung_oder_Veranstaltung,1418,Freitag,112,low,2016,2,26.02.16,7,Kundgebung oder Veranstaltung,Stoerung,Auf den Linien 3 6 7 8 9 10 11 12 20 und 21 ist infolge einer Kundgebung mit unregelmaessigem Betrieb zu rechnen. Dauer: bis 26.02.2016 ca. 21:02 Uhr.,26.02.16 19:03,26.02.16 20:54,Bümpliz - Ostring
Kundgebung_oder_Veranstaltung,1419,Freitag,112,low,2016,2,26.02.16,8,Kundgebung oder Veranstaltung,Stoerung,Auf den Linien 3 6 7 8 9 10 11 12 20 und 21 ist infolge einer Kundgebung mit unregelmaessigem Betrieb zu rechnen. Dauer: bis 26.02.2016 ca. 21:02 Uhr.,26.02.16 19:03,26.02.16 20:54,Brünnen Westside Bahnhof - Saali
Kundgebung_oder_Veranstaltung,1420,Freitag,112,low,2016,2,26.02.16,9,Kundgebung oder Veranstaltung,Stoerung,Auf den Linien 3 6 7 8 9 10 11 12 20 und 21 ist infolge einer Kundgebung mit unregelmaessigem Betrieb zu rechnen. Dauer: bis 26.02.2016 ca. 21:02 Uhr.,26.02.16 19:03,26.02.16 20:54,Wabern - Wankdorf Bahnhof
Kundgebung_oder_Veranstaltung,1421,Freitag,112,low,2016,2,26.02.16,10,Kundgebung oder Veranstaltung,Stoerung,Auf den Linien 3 6 7 8 9 10 11 12 20 und 21 ist infolge einer Kundgebung mit unregelmaessigem Betrieb zu rechnen. Dauer: bis 26.02.2016 ca. 21:02 Uhr.,26.02.16 19:03,26.02.16 20:54,Köniz Schliern - Ostermundigen Rüti
Kundgebung_oder_Veranstaltung,1422,Freitag,112,low,2016,2,26.02.16,11,Kundgebung oder Veranstaltung,Stoerung,Auf den Linien 3 6 7 8 9 10 11 12 20 und 21 ist infolge einer Kundgebung mit unregelmaessigem Betrieb zu rechnen. Dauer: bis 26.02.2016 ca. 21:02 Uhr.,26.02.16 19:03,26.02.16 20:54,Holligen - Neufeld P+R
Kundgebung_oder_Veranstaltung,1423,Freitag,112,low,2016,2,26.02.16,12,Kundgebung oder Veranstaltung,Stoerung,Auf den Linien 3 6 7 8 9 10 11 12 20 und 21 ist infolge einer Kundgebung mit unregelmaessigem Betrieb zu rechnen. Dauer: bis 26.02.2016 ca. 21:02 Uhr.,26.02.16 19:03,26.02.16 20:54,Längasse - Zentrum Paul Klee
Kundgebung_oder_Veranstaltung,1424,Freitag,112,low,2016,2,26.02.16,20,Kundgebung oder Veranstaltung,Stoerung,Auf den Linien 3 6 7 8 9 10 11 12 20 und 21 ist infolge einer Kundgebung mit unregelmaessigem Betrieb zu rechnen. Dauer: bis 26.02.2016 ca. 21:02 Uhr.,26.02.16 19:03,26.02.16 20:54,Bern Bahnhof - Wankdorf Bahnhof
Fahrzeugpanne,1425,Samstag,31,low,2016,2,27.02.16,19,Fahrzeugpanne,Stoerung,Auf der Linie 19 faellt infolge einer Fahrzeugpanne der Kurs um 06:00 Uhr ab Elfenau Richtung Bern Bahnhof aus. Die naechste Abfahrt erfolgt um 06:52 Uhr.  ,27.02.16 06:38,27.02.16 07:09,Blinzern - Elfenau
Polizei_Feuerwehr_Sanitaet,1426,Samstag,36,low,2016,2,27.02.16,160,Polizei und Rettung,Geplante Stoerung,27.02.2016 12:00 Uhr: Auf der Linie 160 ist infolge eines Rettungseinsatzes mit Kursausfaellen zu rechnen. Der Kurs ab Flughafen Bern Belp mit Abfahrt 12:03 Uhr faellt aus. Dauer: ca. 45 Min.,27.02.16 12:03,27.02.16 12:39,Konolfingen - Belp
Kundgebung_oder_Veranstaltung,1427,Montag,170,medium,2016,2,29.02.16,6,Kundgebung oder Veranstaltung,Geplante Stoerung,29.02.2016 13:22 Uhr: Auf den Linien 6 7 8 9 10 12 19 und 28 ist infolge einer Kundgebung mit Kursausfaellen Verspaetungen und unregelmaessigem Betrieb zu rechnen.,29.02.16 13:25,29.02.16 16:15,Fischermätteli - Worb Dorf
Kundgebung_oder_Veranstaltung,1428,Montag,170,medium,2016,2,29.02.16,7,Kundgebung oder Veranstaltung,Geplante Stoerung,29.02.2016 13:22 Uhr: Auf den Linien 6 7 8 9 10 12 19 und 28 ist infolge einer Kundgebung mit Kursausfaellen Verspaetungen und unregelmaessigem Betrieb zu rechnen.,29.02.16 13:25,29.02.16 16:15,Bümpliz - Ostring
Kundgebung_oder_Veranstaltung,1429,Montag,170,medium,2016,2,29.02.16,8,Kundgebung oder Veranstaltung,Geplante Stoerung,29.02.2016 13:22 Uhr: Auf den Linien 6 7 8 9 10 12 19 und 28 ist infolge einer Kundgebung mit Kursausfaellen Verspaetungen und unregelmaessigem Betrieb zu rechnen.,29.02.16 13:25,29.02.16 16:15,Brünnen Westside Bahnhof - Saali
Kundgebung_oder_Veranstaltung,1430,Montag,170,medium,2016,2,29.02.16,9,Kundgebung oder Veranstaltung,Geplante Stoerung,29.02.2016 13:22 Uhr: Auf den Linien 6 7 8 9 10 12 19 und 28 ist infolge einer Kundgebung mit Kursausfaellen Verspaetungen und unregelmaessigem Betrieb zu rechnen.,29.02.16 13:25,29.02.16 16:15,Wabern - Wankdorf Bahnhof
Kundgebung_oder_Veranstaltung,1431,Montag,170,medium,2016,2,29.02.16,10,Kundgebung oder Veranstaltung,Geplante Stoerung,29.02.2016 13:22 Uhr: Auf den Linien 6 7 8 9 10 12 19 und 28 ist infolge einer Kundgebung mit Kursausfaellen Verspaetungen und unregelmaessigem Betrieb zu rechnen.,29.02.16 13:25,29.02.16 16:15,Köniz Schliern - Ostermundigen Rüti
Kundgebung_oder_Veranstaltung,1432,Montag,170,medium,2016,2,29.02.16,12,Kundgebung oder Veranstaltung,Geplante Stoerung,29.02.2016 13:22 Uhr: Auf den Linien 6 7 8 9 10 12 19 und 28 ist infolge einer Kundgebung mit Kursausfaellen Verspaetungen und unregelmaessigem Betrieb zu rechnen.,29.02.16 13:25,29.02.16 16:15,Längasse - Zentrum Paul Klee
Kundgebung_oder_Veranstaltung,1433,Montag,170,medium,2016,2,29.02.16,19,Kundgebung oder Veranstaltung,Geplante Stoerung,29.02.2016 13:22 Uhr: Auf den Linien 6 7 8 9 10 12 19 und 28 ist infolge einer Kundgebung mit Kursausfaellen Verspaetungen und unregelmaessigem Betrieb zu rechnen.,29.02.16 13:25,29.02.16 16:15,Blinzern - Elfenau
Kundgebung_oder_Veranstaltung,1434,Montag,103,low,2016,2,29.02.16,9,Kundgebung oder Veranstaltung,Geplante Stoerung,29.02.2016 14:31 Uhr: Auf der Linie 9 ist infolge einer Kundgebung die Strecke zwischen Guisanplatz Expo und Wankdorf Bahnhof nicht bedient. Dauer: unbestimmt.,29.02.16 14:32,29.02.16 16:15,Wabern - Wankdorf Bahnhof
Verspaetungen_Allgemein,1435,Montag,49,low,2016,2,29.02.16,8,Verspaetungen Allgemein,Geplante Stoerung,29.02.2016 19:21 Uhr: Auf der Linie 8 ist infolge falsch parkierter Autos mit Verspaetungen und unregelmaessigem Betrieb zu rechnen. Dauer: unbestimmt.,29.02.16 19:21,29.02.16 20:09,Brünnen Westside Bahnhof - Saali
Sonstige_Stoerungen,1436,Dienstag,422,medium,2016,3,01.03.16,6,Sonstige Stoerungen,Stoerung,Linie 6: Strecke Bern Bahnhof - Fischermaetteli wieder bedient.,01.03.16 09:00,02.03.16 15:37,Fischermätteli - Worb Dorf
Betriebsstoerung,1437,Dienstag,24,verylow,2016,3,01.03.16,6,Betriebsstoerung,Geplante Stoerung,01.03.2016 09:10 Uhr: Auf der Linie 6 ist infolge einer Betriebsstoerung auf der Strecke zwischen Fischermaetteli und Worb Dorf Bahnhof mit Verspaetungen und unregelmaessigem Betrieb zu rechnen. Dauer: ca. 30 Min.,01.03.16 09:10,01.03.16 09:33,Fischermätteli - Worb Dorf
Betriebsstoerung,1438,Dienstag,35,low,2016,3,01.03.16,6,Betriebsstoerung,Geplante Stoerung,01.03.2016 11:45 Uhr: Auf den Linien 6 7 und 8 ist infolge einer Betriebsstoerung mit Verspaetungen und unregelmaessigem Betrieb zu rechnen. Dauer: unbestimmt.,01.03.16 11:45,01.03.16 12:19,Fischermätteli - Worb Dorf
Betriebsstoerung,1439,Dienstag,35,low,2016,3,01.03.16,7,Betriebsstoerung,Geplante Stoerung,01.03.2016 11:45 Uhr: Auf den Linien 6 7 und 8 ist infolge einer Betriebsstoerung mit Verspaetungen und unregelmaessigem Betrieb zu rechnen. Dauer: unbestimmt.,01.03.16 11:45,01.03.16 12:19,Bümpliz - Ostring
Betriebsstoerung,1440,Dienstag,35,low,2016,3,01.03.16,8,Betriebsstoerung,Geplante Stoerung,01.03.2016 11:45 Uhr: Auf den Linien 6 7 und 8 ist infolge einer Betriebsstoerung mit Verspaetungen und unregelmaessigem Betrieb zu rechnen. Dauer: unbestimmt.,01.03.16 11:45,01.03.16 12:19,Brünnen Westside Bahnhof - Saali
Betriebsstoerung,1441,Dienstag,58,low,2016,3,01.03.16,8,Betriebsstoerung,Geplante Stoerung,01.03.2016 11:45 Uhr: Auf den Linien 7 und 8 ist infolge einer Betriebsstoerung mit Verspaetungen und unregelmaessigem Betrieb zu rechnen. Dauer: unbestimmt.,01.03.16 11:45,01.03.16 12:42,Brünnen Westside Bahnhof - Saali
Betriebsstoerung,1442,Dienstag,58,low,2016,3,01.03.16,7,Betriebsstoerung,Geplante Stoerung,01.03.2016 11:45 Uhr: Auf den Linien 7 und 8 ist infolge einer Betriebsstoerung mit Verspaetungen und unregelmaessigem Betrieb zu rechnen. Dauer: unbestimmt.,01.03.16 11:45,01.03.16 12:42,Bümpliz - Ostring
Betriebsstoerung,1443,Dienstag,68,low,2016,3,01.03.16,7,Betriebsstoerung,Geplante Stoerung,01.03.2016 11:45 Uhr: Auf der Linie 7 ist infolge einer Betriebsstoerung mit Verspaetungen und unregelmaessigem Betrieb zu rechnen. Dauer: unbestimmt.,01.03.16 11:45,01.03.16 12:53,Bümpliz - Ostring
Kundgebung_oder_Veranstaltung,1444,Sonntag,430,medium,2016,3,06.03.16,9,Kundgebung oder Veranstaltung,Stoerung,Die Linie 9 faehrt ab 14:00 Uhr infolge einer Veranstaltung bis/ab Guisanplatz. Die Strecke Guisanplatz-Wankdorf wird bis 19:10 Uhr nicht bedient.,06.03.16 12:00,06.03.16 19:09,Wabern - Wankdorf Bahnhof
Kundgebung_oder_Veranstaltung,1445,Sonntag,262,medium,2016,3,06.03.16,20,Kundgebung oder Veranstaltung,Stoerung,Die Linie 20 faehrt ab 14:00 Uhr bis 19:15 Uhr infolge einer Veranstaltung bis/ab Wyler. Wankdorf/Bahnhof wird bis 19:15 Uhr nicht bedient.,06.03.16 14:00,06.03.16 18:22,Bern Bahnhof - Wankdorf Bahnhof
Verkehrsunfall,1446,Donnerstag,106,low,2016,3,03.03.16,160,Verkehrsunfall,Geplante Stoerung,03.03.2016 13:31 Uhr: Auf der Linie 160 ist infolge eines Verkehrsunfalls mit Verspaetungen und Kursausfaellen zu rechnen. Es wird die Strecke Rubigen Bahnhof - Belp Flughafen sowie die Strecke Muensingen-Konolfingen bedient. Fuer die Strecke Rubigen Bahnhof - Muensingen Bahnhof benutzen Sie bitte die S1.,03.03.16 13:32,03.03.16 15:17,Konolfingen - Belp
Verkehrsunfall,1447,Donnerstag,72,low,2016,3,03.03.16,160,Verkehrsunfall,Geplante Stoerung,03.03.2016 13:31 Uhr: Auf der Linie 160 ist infolge eines Verkehrsunfalls mit Verspaetungen und Kursausfaellen zu rechnen. Es wird die Strecke Rubigen Bahnhof - Belp Flughafen sowie die Strecke Muensingen-Konolfingen bedient. Fuer die Strecke Rubigen Bahnhof - Muensingen Bahnhof benutzen Sie bitte die S1.,03.03.16 14:06,03.03.16 15:17,Konolfingen - Belp
Verkehrsunfall,1448,Freitag,39,low,2016,3,04.03.16,7,Verkehrsunfall,Geplante Stoerung,04.03.2016 16:55 Uhr: Auf der Linie 7 ist infolge eines Verkehrsunfalls mit Verspaetungen und Kursausfaellen zu rechnen. Dauer: unbestimmt.,04.03.16 16:56,04.03.16 17:35,Bümpliz - Ostring
Unregelmaessiger_Betrieb_und_Umleitungen,1449,Samstag,75,low,2016,3,05.03.16,7,Unregelmaessiger Betrieb und Umleitungen,Stoerung,Auf den Linien 7 und 8 muss mit Kursausfaellen und unregelmaessigen Betrieb gerechnet werden.,05.03.16 05:40,05.03.16 06:55,Bümpliz - Ostring
Unregelmaessiger_Betrieb_und_Umleitungen,1450,Samstag,75,low,2016,3,05.03.16,8,Unregelmaessiger Betrieb und Umleitungen,Stoerung,Auf den Linien 7 und 8 muss mit Kursausfaellen und unregelmaessigen Betrieb gerechnet werden.,05.03.16 05:40,05.03.16 06:55,Brünnen Westside Bahnhof - Saali
Unregelmaessiger_Betrieb_und_Umleitungen,1451,Samstag,120,low,2016,3,05.03.16,6,Unregelmaessiger Betrieb und Umleitungen,Stoerung,Auf der Linie 6 muss mit Kursausfaellen und unregelmaessigen Betrieb gerechnet werden.,05.03.16 05:42,05.03.16 07:42,Fischermätteli - Worb Dorf
Unregelmaessiger_Betrieb_und_Umleitungen,1452,Samstag,72,low,2016,3,05.03.16,9,Unregelmaessiger Betrieb und Umleitungen,Stoerung,Auf der Linie 9 muss mit unregelmaessigen Betrieb gerechnet werden.,05.03.16 05:46,05.03.16 06:58,Wabern - Wankdorf Bahnhof
Fahrzeugpanne,1453,Samstag,39,low,2016,3,05.03.16,11,Fahrzeugpanne,Stoerung,Auf den Linien 11 und 12 ist infolge einer Fahrzeugpanne mit unregelmaessigem Betrieb zu rechnen. Dauer: unbestimmt.,05.03.16 06:05,05.03.16 06:44,Holligen - Neufeld P+R
Fahrzeugpanne,1454,Samstag,39,low,2016,3,05.03.16,12,Fahrzeugpanne,Stoerung,Auf den Linien 11 und 12 ist infolge einer Fahrzeugpanne mit unregelmaessigem Betrieb zu rechnen. Dauer: unbestimmt.,05.03.16 06:05,05.03.16 06:44,Längasse - Zentrum Paul Klee
Fahrzeugpanne,1455,Samstag,45,low,2016,3,05.03.16,3,Fahrzeugpanne,Geplante Stoerung,05.03.2016 10:37 Uhr: Auf den Linien 3 6 7 8 und 9 ist infolge einer Fahrzeugpanne mit unregelmaessigem Betrieb zu rechnen. Dauer: unbestimmt.,05.03.16 10:38,05.03.16 11:22,Bern Bahnhof - Weissenbühl
Fahrzeugpanne,1456,Samstag,45,low,2016,3,05.03.16,6,Fahrzeugpanne,Geplante Stoerung,05.03.2016 10:37 Uhr: Auf den Linien 3 6 7 8 und 9 ist infolge einer Fahrzeugpanne mit unregelmaessigem Betrieb zu rechnen. Dauer: unbestimmt.,05.03.16 10:38,05.03.16 11:22,Fischermätteli - Worb Dorf
Fahrzeugpanne,1457,Samstag,45,low,2016,3,05.03.16,7,Fahrzeugpanne,Geplante Stoerung,05.03.2016 10:37 Uhr: Auf den Linien 3 6 7 8 und 9 ist infolge einer Fahrzeugpanne mit unregelmaessigem Betrieb zu rechnen. Dauer: unbestimmt.,05.03.16 10:38,05.03.16 11:22,Bümpliz - Ostring
Fahrzeugpanne,1458,Samstag,45,low,2016,3,05.03.16,8,Fahrzeugpanne,Geplante Stoerung,05.03.2016 10:37 Uhr: Auf den Linien 3 6 7 8 und 9 ist infolge einer Fahrzeugpanne mit unregelmaessigem Betrieb zu rechnen. Dauer: unbestimmt.,05.03.16 10:38,05.03.16 11:22,Brünnen Westside Bahnhof - Saali
Fahrzeugpanne,1459,Samstag,45,low,2016,3,05.03.16,9,Fahrzeugpanne,Geplante Stoerung,05.03.2016 10:37 Uhr: Auf den Linien 3 6 7 8 und 9 ist infolge einer Fahrzeugpanne mit unregelmaessigem Betrieb zu rechnen. Dauer: unbestimmt.,05.03.16 10:38,05.03.16 11:22,Wabern - Wankdorf Bahnhof
Polizei_Feuerwehr_Sanitaet,1460,Sonntag,30,verylow,2016,3,06.03.16,11,Polizei und Rettung,Stoerung,Auf der Linie 11 faellt infolge eines Feuerwehreinsatzes der Kurs um 00:19 Uhr ab Neufeld P+R Richtung Bern Bahnhof aus.,06.03.16 00:32,06.03.16 01:02,Holligen - Neufeld P+R
Kundgebung_oder_Veranstaltung,1461,Sonntag,303,medium,2016,3,06.03.16,9,Kundgebung oder Veranstaltung,Stoerung,Die Linie 9 faehrt infolge einer Veranstaltung bis/ab Guisanplatz. Die Strecke Guisanplatz-Wankdorf wird bis 19:00 Uhr nicht bedient.,06.03.16 13:57,06.03.16 19:00,Wabern - Wankdorf Bahnhof
Verspaetungen_Allgemein,1462,Montag,55,low,2016,3,07.03.16,12,Verspaetungen Allgemein,Geplante Stoerung,07.03.2016 17:58 Uhr: Auf der Linie 12 ist infolge Oberleitungsschaden mit Verspaetungen und unregelmaessigem Betrieb zu rechnen. Dauer: unbestimmt.,07.03.16 17:59,07.03.16 18:53,Längasse - Zentrum Paul Klee
Verkehrsunfall,1463,Dienstag,37,low,2016,3,08.03.16,6,Verkehrsunfall,Geplante Stoerung,08.03.2016 20:43 Uhr: Auf den Linien 6 7 und 8 ist infolge eines Verkehrsunfalls mit Verspaetungen und Kursausfaellen zu rechnen. Dauer: unbestimmt.,08.03.16 20:45,08.03.16 21:21,Fischermätteli - Worb Dorf
Verkehrsunfall,1464,Dienstag,37,low,2016,3,08.03.16,7,Verkehrsunfall,Geplante Stoerung,08.03.2016 20:43 Uhr: Auf den Linien 6 7 und 8 ist infolge eines Verkehrsunfalls mit Verspaetungen und Kursausfaellen zu rechnen. Dauer: unbestimmt.,08.03.16 20:45,08.03.16 21:21,Bümpliz - Ostring
Verkehrsunfall,1465,Dienstag,37,low,2016,3,08.03.16,8,Verkehrsunfall,Geplante Stoerung,08.03.2016 20:43 Uhr: Auf den Linien 6 7 und 8 ist infolge eines Verkehrsunfalls mit Verspaetungen und Kursausfaellen zu rechnen. Dauer: unbestimmt.,08.03.16 20:45,08.03.16 21:21,Brünnen Westside Bahnhof - Saali